0 2 0 0 0 0 293
0 2 11 5 11 6 293
0 3 0 0 0 0 292
0 3 10 5 10 6 292
0 4 0 0 0 0 292
0 4 9 5 9 6 292
0 0 0 0 0 0 192
0 0 9 2 9 3 192
0 1 0 0 0 0 485
0 1 12 5 12 6 485
0 5 0 0 0 0 292
0 5 8 5 8 6 292
0 7 0 0 0 0 292
0 7 6 5 6 6 292
0 6 0 0 0 0 190
0 6 7 5 7 6 190
1 0 0 0 0 0 588
1 0 12 12 12 11 588
1 6 0 0 0 0 243
1 6 9 11 9 10 243
1 5 0 0 0 0 243
1 5 10 14 10 13 243
1 2 0 0 0 0 243
1 2 11 11 11 10 243
1 4 0 0 0 0 243
1 4 10 10 10 9 243
1 3 0 0 0 0 243
1 3 11 13 11 12 243
1 1 0 0 0 0 392
1 1 9 17 9 16 392
1 7 0 0 0 0 243
1 7 9 13 9 12 243
0 4 0 0 0 0 284
0 4 9 6 9 7 284
0 2 0 0 0 0 286
0 2 11 6 11 7 286
0 1 0 0 0 0 470
0 1 12 6 12 7 470
0 0 0 0 0 0 184
0 0 9 3 9 4 184
0 3 0 0 0 0 284
0 3 10 6 10 7 284
0 6 0 0 0 0 180
0 6 7 6 7 7 180
0 5 0 0 0 0 284
0 5 8 6 8 7 284
0 7 0 0 0 0 284
0 7 6 6 6 7 284
1 2 0 0 0 0 236
1 2 11 10 11 9 236
1 3 0 0 0 0 236
1 3 11 12 11 11 236
1 5 0 0 0 0 236
1 5 10 13 10 12 236
1 0 0 0 0 0 576
1 0 12 11 12 10 576
1 1 0 0 0 0 384
1 1 9 16 9 15 384
1 6 0 0 0 0 236
1 6 9 10 9 9 236
1 4 0 0 0 0 236
1 4 10 9 10 8 236
1 7 0 0 0 0 236
1 7 9 12 9 11 236
0 0 0 0 0 0 176
0 0 9 4 9 5 176
0 4 0 0 0 0 276
0 4 9 7 9 8 276
0 7 0 0 0 0 276
0 7 6 7 6 8 276
0 5 0 0 0 0 276
0 5 8 7 8 8 276
0 3 0 0 0 0 276
1 4 0 0 0 0 156
0 1 0 0 0 0 455
0 1 12 7 12 8 455
0 6 0 0 0 0 170
0 6 7 7 7 8 170
0 2 0 0 0 0 279
0 2 11 7 11 8 279
1 3 0 0 0 0 229
1 3 11 11 11 10 229
1 1 0 0 0 0 376
1 1 9 15 9 14 376
1 6 0 0 0 0 229
0 4 0 0 0 0 211
1 2 0 0 0 0 229
0 2 0 0 0 0 209
1 4 0 0 0 0 149
0 4 0 0 0 0 146
1 0 0 0 0 0 564
1 0 12 10 12 9 564
1 5 0 0 0 0 229
1 5 10 12 10 11 229
1 7 0 0 0 0 229
1 7 9 11 9 10 229
1 4 0 0 0 0 142
0 4 0 0 0 0 81
0 0 0 0 0 0 168
0 0 9 5 9 6 168
0 1 0 0 0 0 440
1 0 0 0 0 0 494
1 6 0 0 0 0 222
0 4 0 0 0 0 16
1 5 0 0 0 0 222
1 5 10 11 10 10 222
0 5 0 0 0 0 268
0 5 8 8 8 9 268
1 1 0 0 0 0 368
1 1 9 14 9 13 368
1 3 0 0 0 0 222
1 3 11 10 12 10 222
1 0 0 0 0 0 482
0 1 0 0 0 0 320
1 2 0 0 0 0 222
0 2 0 0 0 0 139
0 3 0 0 0 0 268
0 6 0 0 0 0 160
0 6 7 8 7 9 160
0 7 0 0 0 0 268
0 7 6 8 6 9 268
0 2 0 0 0 0 132
1 4 0 0 0 0 92
0 4 0 0 0 0 8
1 7 0 0 0 0 222
1 7 9 10 8 10 222
0 7 0 0 0 0 260
0 7 6 9 6 10 260
0 1 0 0 0 0 305
1 0 0 0 0 0 412
0 4 99 99 99 99 0
0 0 0 0 0 0 160
0 0 9 6 9 7 160
0 3 0 0 0 0 260
1 4 0 0 0 0 12
0 6 0 0 0 0 150
0 6 7 9 6 9 150
0 5 0 0 0 0 260
1 6 0 0 0 0 142
0 2 0 0 0 0 125
1 4 99 99 99 99 -38
1 0 0 0 0 0 400
1 3 0 0 0 0 215
1 3 12 10 11 10 215
1 1 0 0 0 0 360
1 1 9 13 9 12 360
1 6 0 0 0 0 135
1 2 0 0 0 0 215
0 2 0 0 0 0 55
1 5 0 0 0 0 215
1 5 10 10 10 9 215
1 7 0 0 0 0 215
0 5 0 0 0 0 195
0 7 0 0 0 0 252
0 7 6 10 7 10 252
0 1 0 0 0 0 290
1 0 0 0 0 0 330
0 5 0 0 0 0 187
0 6 0 0 0 0 140
0 6 6 9 6 10 140
0 3 0 0 0 0 252
0 3 10 7 11 7 252
0 0 0 0 0 0 152
0 0 9 7 10 7 152
0 2 0 0 0 0 48
1 2 0 0 0 0 165
1 6 0 0 0 0 128
0 5 0 0 0 0 122
1 2 0 0 0 0 158
0 2 99 99 99 99 -22
1 3 0 0 0 0 208
1 3 11 10 10 10 208
1 5 0 0 0 0 208
1 1 0 0 0 0 352
1 1 9 12 9 11 352
1 0 0 0 0 0 318
0 1 0 0 0 0 170
1 7 0 0 0 0 208
0 7 0 0 0 0 187
0 3 0 0 0 0 244
0 3 11 7 11 6 244
0 7 0 0 0 0 179
1 7 0 0 0 0 128
0 6 0 0 0 0 130
0 6 6 10 6 11 130
0 0 0 0 0 0 144
0 0 10 7 10 6 144
0 1 0 0 0 0 155
1 0 0 0 0 0 248
0 5 0 0 0 0 114
1 2 0 0 0 0 151
1 2 11 9 11 10 151
1 5 0 0 0 0 201
1 5 10 9 11 9 201
1 0 0 0 0 0 236
0 1 0 0 0 0 35
1 3 0 0 0 0 201
1 3 10 10 10 9 201
1 6 0 0 0 0 121
0 5 0 0 0 0 49
1 1 0 0 0 0 344
1 1 9 11 9 10 344
1 7 0 0 0 0 121
0 7 0 0 0 0 114
0 5 0 0 0 0 41
0 6 0 0 0 0 120
0 6 6 11 6 10 120
0 3 0 0 0 0 236
0 3 11 6 11 7 236
0 0 0 0 0 0 136
0 0 10 6 10 7 136
0 7 0 0 0 0 106
1 7 0 0 0 0 41
0 1 0 0 0 0 20
1 0 0 0 0 0 166
1 0 0 0 0 0 154
0 1 99 99 99 99 -100
1 2 0 0 0 0 144
1 2 11 10 10 10 144
1 5 0 0 0 0 194
1 5 11 9 11 10 194
1 1 0 0 0 0 336
1 1 9 10 9 11 336
1 6 0 0 0 0 114
0 5 99 99 99 99 -24
1 3 0 0 0 0 194
1 3 10 9 11 9 194
1 7 0 0 0 0 34
0 7 0 0 0 0 41
0 3 0 0 0 0 228
0 3 11 7 11 6 228
0 7 0 0 0 0 33
1 7 99 99 99 99 -46
0 6 0 0 0 0 110
0 6 6 10 6 11 110
0 0 0 0 0 0 128
0 0 10 7 11 7 128
1 3 0 0 0 0 187
1 3 11 9 10 9 187
1 1 0 0 0 0 328
1 1 9 11 9 10 328
1 0 0 0 0 0 142
1 0 12 9 13 9 142
1 2 0 0 0 0 137
1 2 10 10 10 11 137
1 6 0 0 0 0 107
1 5 0 0 0 0 187
1 5 11 10 11 9 187
0 3 0 0 0 0 220
0 3 11 6 11 5 220
0 0 0 0 0 0 120
0 0 11 7 10 7 120
0 6 0 0 0 0 100
0 6 6 11 6 10 100
0 7 0 0 0 0 25
0 7 7 10 7 9 25
1 6 0 0 0 0 100
1 0 0 0 0 0 130
1 0 13 9 13 10 130
1 2 0 0 0 0 130
1 2 10 11 10 10 130
1 5 0 0 0 0 180
1 5 11 9 12 9 180
1 3 0 0 0 0 180
1 3 10 9 11 9 180
1 1 0 0 0 0 320
1 1 9 10 9 11 320
0 7 0 0 0 0 17
0 7 7 9 7 8 17
0 3 0 0 0 0 212
0 3 11 5 11 6 212
0 0 0 0 0 0 112
0 0 10 7 10 6 112
0 6 0 0 0 0 90
0 6 6 10 6 9 90
1 3 0 0 0 0 173
1 3 11 9 10 9 173
1 0 0 0 0 0 118
1 0 13 10 13 9 118
1 5 0 0 0 0 173
1 5 12 9 11 9 173
1 2 0 0 0 0 123
1 2 10 10 10 11 123
1 6 0 0 0 0 93
1 6 9 9 9 10 93
1 1 0 0 0 0 312
1 1 9 11 9 12 312
0 0 0 0 0 0 104
0 0 10 6 10 7 104
0 7 0 0 0 0 9
0 7 7 8 7 9 9
0 6 0 0 0 0 80
0 6 6 9 5 9 80
0 3 0 0 0 0 204
0 3 11 6 11 7 204
1 2 0 0 0 0 116
1 2 10 11 10 10 116
1 1 0 0 0 0 304
1 1 9 12 9 11 304
1 6 0 0 0 0 86
1 6 9 10 9 9 86
1 5 0 0 0 0 166
1 5 11 9 12 9 166
1 3 0 0 0 0 166
1 3 10 9 11 9 166
1 0 0 0 0 0 106
1 0 13 9 14 9 106
0 0 0 0 0 0 96
0 0 10 7 9 7 96
0 6 0 0 0 0 70
0 6 5 9 6 9 70
0 7 0 0 0 0 1
0 7 7 9 7 10 1
0 3 0 0 0 0 196
0 3 11 7 11 6 196
1 0 0 0 0 0 94
1 0 14 9 14 8 94
1 6 0 0 0 0 79
1 6 9 9 9 10 79
1 2 0 0 0 0 109
1 2 10 10 10 9 109
1 1 0 0 0 0 296
1 1 9 11 8 11 296
1 3 0 0 0 0 159
1 3 11 9 11 10 159
1 5 0 0 0 0 159
1 5 12 9 11 9 159
0 3 0 0 0 0 188
0 3 11 6 11 7 188
0 6 0 0 0 0 60
0 6 6 9 6 8 60
0 7 99 99 99 99 -7
0 0 0 0 0 0 88
0 0 9 7 9 6 88
1 0 0 0 0 0 82
1 0 14 8 13 8 82
1 5 0 0 0 0 152
1 5 11 9 12 9 152
1 6 0 0 0 0 72
1 6 9 10 9 9 72
1 2 0 0 0 0 102
1 2 10 9 11 9 102
1 1 0 0 0 0 288
1 1 8 11 7 11 288
1 3 0 0 0 0 152
1 3 11 10 12 10 152
0 6 0 0 0 0 50
0 6 6 8 7 8 50
0 0 0 0 0 0 80
0 0 9 6 9 7 80
0 3 0 0 0 0 180
0 3 11 7 12 7 180
1 3 0 0 0 0 145
1 3 12 10 12 11 145
1 0 0 0 0 0 70
1 0 13 8 14 8 70
1 5 0 0 0 0 145
1 5 12 9 12 10 145
1 2 0 0 0 0 95
1 2 11 9 10 9 95
1 1 0 0 0 0 280
1 1 7 11 7 12 280
1 6 0 0 0 0 65
1 6 9 9 9 10 65
0 6 0 0 0 0 40
0 6 7 8 7 9 40
0 0 0 0 0 0 72
0 0 9 7 8 7 72
0 3 0 0 0 0 172
0 3 12 7 12 6 172
1 2 0 0 0 0 88
1 2 10 9 9 9 88
1 1 0 0 0 0 272
1 1 7 12 7 11 272
1 0 0 0 0 0 58
1 0 14 8 14 7 58
1 6 0 0 0 0 58
1 6 9 10 9 11 58
1 3 0 0 0 0 138
1 3 12 11 12 12 138
1 5 0 0 0 0 138
1 5 12 10 12 9 138
0 3 0 0 0 0 164
0 3 12 6 12 7 164
0 6 0 0 0 0 30
0 6 7 9 7 8 30
0 0 0 0 0 0 64
0 0 8 7 8 8 64
1 6 0 0 0 0 51
1 6 9 11 9 10 51
1 3 0 0 0 0 131
1 3 12 12 12 11 131
1 5 0 0 0 0 131
1 5 12 9 11 9 131
1 1 0 0 0 0 264
1 1 7 11 7 12 264
1 0 0 0 0 0 46
1 0 14 7 13 7 46
1 2 0 0 0 0 81
1 2 9 9 10 9 81
0 3 0 0 0 0 156
1 0 99 99 99 99 -4
0 6 0 0 0 0 20
0 6 7 8 7 9 20
0 0 0 0 0 0 56
0 0 8 8 8 7 56
1 5 0 0 0 0 124
1 5 11 9 12 9 124
1 1 0 0 0 0 256
1 1 7 12 7 11 256
1 6 0 0 0 0 44
1 6 9 10 9 9 44
1 2 0 0 0 0 74
1 2 10 9 10 10 74
1 3 0 0 0 0 124
1 3 12 11 12 10 124
0 6 0 0 0 0 10
0 6 7 9 6 9 10
0 3 0 0 0 0 148
0 3 12 7 12 6 148
0 0 0 0 0 0 48
0 0 8 7 8 8 48
1 2 0 0 0 0 67
1 2 10 10 10 9 67
1 5 0 0 0 0 117
1 5 12 9 11 9 117
1 3 0 0 0 0 117
1 3 12 10 12 9 117
1 6 0 0 0 0 37
1 6 9 9 9 10 37
1 1 0 0 0 0 248
1 1 7 11 7 12 248
0 3 0 0 0 0 140
0 3 12 6 12 7 140
0 0 0 0 0 0 40
0 0 8 8 8 7 40
0 6 99 99 99 99 0
1 2 0 0 0 0 60
1 2 10 9 9 9 60
1 6 0 0 0 0 30
1 6 9 10 10 10 30
1 3 0 0 0 0 110
1 3 12 9 12 10 110
1 5 0 0 0 0 110
1 5 11 9 10 9 110
1 1 0 0 0 0 240
1 1 7 12 7 11 240
0 0 0 0 0 0 32
0 0 8 7 8 8 32
0 3 0 0 0 0 132
0 3 12 7 12 6 132
1 1 0 0 0 0 232
1 1 7 11 6 11 232
1 6 0 0 0 0 23
1 6 10 10 10 11 23
1 3 0 0 0 0 103
1 3 12 10 12 9 103
1 2 0 0 0 0 53
1 2 9 9 9 10 53
1 5 0 0 0 0 103
1 5 10 9 11 9 103
0 3 0 0 0 0 124
0 3 12 6 12 7 124
0 0 0 0 0 0 24
0 0 8 8 7 8 24
1 5 0 0 0 0 96
1 5 11 9 10 9 96
1 1 0 0 0 0 224
1 1 6 11 6 10 224
1 6 0 0 0 0 16
1 6 10 11 10 10 16
1 2 0 0 0 0 46
1 2 9 10 9 9 46
1 3 0 0 0 0 96
1 3 12 9 11 9 96
0 3 0 0 0 0 116
0 3 12 7 12 6 116
0 0 0 0 0 0 16
0 0 7 8 7 9 16
1 5 0 0 0 0 89
1 2 0 0 0 0 39
1 1 0 0 0 0 216
1 1 6 10 6 11 216
1 6 0 0 0 0 9
1 6 10 10 9 10 9
1 3 0 0 0 0 89
1 3 11 9 11 10 89
0 3 0 0 0 0 108
0 3 12 6 12 7 108
0 0 0 0 0 0 8
0 0 7 9 7 8 8
1 1 0 0 0 0 208
1 1 6 11 6 10 208
1 5 0 0 0 0 82
1 5 10 9 10 10 82
1 3 0 0 0 0 82
1 3 11 10 11 9 82
1 6 0 0 0 0 2
1 6 9 10 9 11 2
1 2 0 0 0 0 32
1 2 9 9 9 10 32
0 3 0 0 0 0 100
0 3 12 7 11 7 100
0 0 99 99 99 99 0
1 3 0 0 0 0 75
1 3 11 9 12 9 75
1 6 99 99 99 99 -5
1 1 0 0 0 0 200
1 1 6 10 5 10 200
1 2 0 0 0 0 25
1 5 0 0 0 0 75
1 5 10 10 10 9 75
0 3 0 0 0 0 92
0 3 11 7 12 7 92
1 3 0 0 0 0 68
1 5 0 0 0 0 68
1 5 10 9 11 9 68
1 2 0 0 0 0 18
1 2 9 10 9 9 18
1 1 0 0 0 0 192
1 1 5 10 5 9 192
0 3 0 0 0 0 84
0 3 12 7 11 7 84
1 1 0 0 0 0 184
1 1 5 9 5 8 184
1 2 0 0 0 0 11
1 2 9 9 9 10 11
1 3 0 0 0 0 61
1 3 12 9 12 10 61
1 5 0 0 0 0 61
1 5 11 9 12 9 61
0 3 0 0 0 0 76
0 3 11 7 10 7 76
1 3 0 0 0 0 54
1 3 12 10 11 10 54
1 5 0 0 0 0 54
1 5 12 9 13 9 54
1 2 0 0 0 0 4
1 2 9 10 9 9 4
1 1 0 0 0 0 176
1 1 5 8 5 7 176
0 3 0 0 0 0 68
0 3 10 7 9 7 68
1 3 0 0 0 0 47
1 3 11 10 11 9 47
1 2 99 99 99 99 -3
1 1 0 0 0 0 168
1 1 5 7 6 7 168
1 5 0 0 0 0 47
1 5 13 9 13 8 47
0 3 0 0 0 0 60
0 3 9 7 10 7 60
1 3 0 0 0 0 40
1 3 11 9 12 9 40
1 5 0 0 0 0 40
1 5 13 8 14 8 40
1 1 0 0 0 0 160
1 1 6 7 7 7 160
0 3 0 0 0 0 52
0 3 10 7 10 6 52
1 3 0 0 0 0 33
1 3 12 9 12 10 33
1 1 0 0 0 0 152
1 1 7 7 7 6 152
1 5 0 0 0 0 33
1 5 14 8 14 7 33
0 3 0 0 0 0 44
0 3 10 6 10 7 44
1 1 0 0 0 0 144
1 1 7 6 7 7 144
1 5 0 0 0 0 26
1 5 14 7 14 6 26
1 3 0 0 0 0 26
1 3 12 10 12 9 26
0 3 0 0 0 0 36
0 3 10 7 10 6 36
1 3 0 0 0 0 19
1 3 12 9 13 9 19
1 5 0 0 0 0 19
1 5 14 6 13 6 19
1 1 0 0 0 0 136
1 1 7 7 7 6 136
0 3 0 0 0 0 28
0 3 10 6 10 7 28
1 3 0 0 0 0 12
1 3 13 9 13 8 12
1 1 0 0 0 0 128
1 1 7 6 7 7 128
1 5 0 0 0 0 12
1 5 13 6 12 6 12
0 3 0 0 0 0 20
0 3 10 7 11 7 20
1 1 0 0 0 0 120
1 1 7 7 8 7 120
1 5 0 0 0 0 5
1 5 12 6 12 7 5
1 3 0 0 0 0 5
1 3 13 8 14 8 5
0 3 0 0 0 0 12
1 5 99 99 99 99 -75
1 3 99 99 99 99 -2
1 1 0 0 0 0 112
1 1 8 7 9 7 112
0 3 0 0 0 0 4
0 3 11 7 10 7 4
1 1 0 0 0 0 104
0 3 99 99 99 99 -56
1 1 0 0 0 0 96
