0 1 0 0 0 0 485
0 1 12 5 12 6 485
0 0 0 0 0 0 192
0 0 9 2 9 3 192
0 2 0 0 0 0 293
0 2 11 5 11 6 293
0 3 0 0 0 0 292
0 3 10 5 10 6 292
0 4 0 0 0 0 292
0 4 9 5 9 6 292
0 5 0 0 0 0 292
0 5 8 5 8 6 292
0 6 0 0 0 0 190
0 6 7 5 7 6 190
0 7 0 0 0 0 292
0 7 6 5 6 6 292
1 1 0 0 0 0 392
1 1 9 17 9 16 392
1 3 0 0 0 0 243
1 3 11 13 11 12 243
1 2 0 0 0 0 243
1 2 11 11 11 10 243
1 4 0 0 0 0 243
1 4 10 10 10 9 243
1 0 0 0 0 0 588
1 0 12 12 12 11 588
1 6 0 0 0 0 243
1 6 9 11 9 10 243
1 5 0 0 0 0 243
1 5 10 14 10 13 243
1 7 0 0 0 0 243
1 7 9 13 9 12 243
0 1 0 0 0 0 470
0 1 12 6 12 7 470
0 0 0 0 0 0 184
0 0 9 3 9 4 184
0 2 0 0 0 0 286
0 2 11 6 11 7 286
0 3 0 0 0 0 284
0 3 10 6 10 7 284
0 4 0 0 0 0 284
0 4 9 6 9 7 284
0 5 0 0 0 0 284
0 5 8 6 8 7 284
0 7 0 0 0 0 284
0 7 6 6 6 7 284
1 0 0 0 0 0 576
1 0 12 11 12 10 576
0 6 0 0 0 0 180
0 6 7 6 7 7 180
1 1 0 0 0 0 384
1 1 9 16 9 15 384
1 4 0 0 0 0 236
1 4 10 9 10 8 236
1 2 0 0 0 0 236
1 2 11 10 11 9 236
1 3 0 0 0 0 236
1 3 11 12 11 11 236
1 5 0 0 0 0 236
1 5 10 13 10 12 236
1 6 0 0 0 0 236
1 6 9 10 9 9 236
1 7 0 0 0 0 236
1 7 9 12 9 11 236
0 1 0 0 0 0 455
0 1 12 7 12 8 455
0 0 0 0 0 0 176
0 0 9 4 9 5 176
0 2 0 0 0 0 279
0 2 11 7 11 8 279
0 4 0 0 0 0 276
0 4 9 7 9 8 276
0 3 0 0 0 0 276
1 4 0 0 0 0 156
0 5 0 0 0 0 276
0 5 8 7 8 8 276
1 1 0 0 0 0 376
1 1 9 15 9 14 376
0 7 0 0 0 0 276
0 7 6 7 6 8 276
0 6 0 0 0 0 170
0 6 7 7 7 8 170
1 0 0 0 0 0 564
1 0 12 10 12 9 564
1 3 0 0 0 0 229
1 3 11 11 11 10 229
1 4 0 0 0 0 149
0 4 0 0 0 0 211
1 2 0 0 0 0 229
0 2 0 0 0 0 209
1 6 0 0 0 0 229
0 4 0 0 0 0 146
1 5 0 0 0 0 229
1 5 10 12 10 11 229
1 7 0 0 0 0 229
1 7 9 11 9 10 229
0 0 0 0 0 0 168
0 0 9 5 9 6 168
0 1 0 0 0 0 440
0 2 0 0 0 0 202
1 4 0 0 0 0 99
0 3 0 0 0 0 268
1 4 0 0 0 0 19
0 4 0 0 0 0 138
1 4 99 99 99 99 -61
0 5 0 0 0 0 268
0 5 8 8 8 9 268
0 7 0 0 0 0 268
0 7 6 8 6 9 268
1 1 0 0 0 0 368
1 1 9 14 9 13 368
0 6 0 0 0 0 160
0 6 7 8 7 9 160
1 0 0 0 0 0 552
0 1 0 0 0 0 320
1 2 0 0 0 0 222
0 2 0 0 0 0 132
1 3 0 0 0 0 222
1 3 11 10 10 10 222
1 5 0 0 0 0 222
1 5 10 11 9 11 222
1 6 0 0 0 0 222
0 5 0 0 0 0 203
1 7 0 0 0 0 222
1 7 9 10 8 10 222
0 1 0 0 0 0 305
1 0 0 0 0 0 482
0 0 0 0 0 0 160
0 0 9 6 9 7 160
0 2 0 0 0 0 125
1 2 0 0 0 0 172
0 3 0 0 0 0 260
0 3 10 7 10 6 260
0 4 0 0 0 0 130
1 6 0 0 0 0 142
0 5 0 0 0 0 195
1 0 0 0 0 0 470
0 1 0 0 0 0 185
0 6 0 0 0 0 150
0 6 7 9 7 10 150
1 1 0 0 0 0 360
1 1 9 13 9 12 360
0 7 0 0 0 0 260
0 7 6 9 6 10 260
1 2 0 0 0 0 165
0 2 0 0 0 0 55
1 3 0 0 0 0 215
1 3 10 10 10 9 215
1 5 0 0 0 0 215
1 5 9 11 9 10 215
1 6 0 0 0 0 135
0 5 0 0 0 0 130
1 7 0 0 0 0 215
0 6 0 0 0 0 70
0 0 0 0 0 0 152
0 0 9 7 8 7 152
0 1 0 0 0 0 170
1 0 0 0 0 0 400
0 2 0 0 0 0 48
1 2 0 0 0 0 115
0 4 0 0 0 0 122
0 3 0 0 0 0 252
0 3 10 6 10 7 252
0 5 0 0 0 0 122
1 6 0 0 0 0 55
1 1 0 0 0 0 352
1 1 9 12 9 11 352
0 7 0 0 0 0 252
0 7 6 10 6 9 252
0 6 0 0 0 0 60
1 0 0 0 0 0 388
0 1 0 0 0 0 50
1 3 0 0 0 0 208
1 3 10 9 10 10 208
1 2 0 0 0 0 108
0 2 99 99 99 99 -22
1 6 0 0 0 0 48
0 5 0 0 0 0 57
1 5 0 0 0 0 208
1 7 0 0 0 0 208
0 6 99 99 99 99 -20
0 1 0 0 0 0 35
1 0 0 0 0 0 318
0 0 0 0 0 0 144
0 0 8 7 8 8 144
0 3 0 0 0 0 244
0 3 10 7 10 6 244
0 4 0 0 0 0 114
1 6 99 99 99 99 -32
0 5 0 0 0 0 49
1 7 0 0 0 0 128
1 0 0 0 0 0 306
0 1 99 99 99 99 -85
1 1 0 0 0 0 344
1 1 9 11 10 11 344
0 7 0 0 0 0 244
0 7 6 9 7 9 244
1 3 0 0 0 0 201
1 3 10 10 10 9 201
1 2 0 0 0 0 101
1 2 11 9 11 10 101
1 5 0 0 0 0 201
1 5 9 10 9 11 201
1 7 0 0 0 0 121
0 5 99 99 99 99 -16
0 0 0 0 0 0 136
0 0 8 8 7 8 136
0 3 0 0 0 0 236
0 3 10 6 10 7 236
0 4 0 0 0 0 106
0 4 9 8 9 7 106
1 7 0 0 0 0 114
1 7 8 10 8 11 114
1 3 0 0 0 0 194
1 3 10 9 10 10 194
1 2 0 0 0 0 94
1 2 11 10 11 9 94
1 0 0 0 0 0 294
1 0 12 9 12 10 294
1 1 0 0 0 0 336
1 1 10 11 11 11 336
0 7 0 0 0 0 236
0 7 7 9 6 9 236
1 5 0 0 0 0 194
1 5 9 11 9 10 194
0 0 0 0 0 0 128
0 0 7 8 7 9 128
0 4 0 0 0 0 98
0 4 9 7 9 8 98
0 3 0 0 0 0 228
0 3 10 7 11 7 228
1 0 0 0 0 0 282
1 0 12 10 12 9 282
0 7 0 0 0 0 228
0 7 6 9 5 9 228
1 1 0 0 0 0 328
1 1 11 11 11 10 328
1 2 0 0 0 0 87
1 2 11 9 10 9 87
1 3 0 0 0 0 187
1 3 10 10 10 11 187
1 5 0 0 0 0 187
1 5 9 10 8 10 187
1 7 0 0 0 0 107
1 7 8 11 8 12 107
0 0 0 0 0 0 120
0 0 7 9 7 8 120
0 4 0 0 0 0 90
0 4 9 8 9 7 90
0 3 0 0 0 0 220
0 3 11 7 10 7 220
0 7 0 0 0 0 220
0 7 5 9 5 10 220
1 0 0 0 0 0 270
1 0 12 9 13 9 270
1 1 0 0 0 0 320
1 1 11 10 10 10 320
1 3 0 0 0 0 180
1 3 10 11 11 11 180
1 2 0 0 0 0 80
1 2 10 9 11 9 80
1 5 0 0 0 0 180
1 5 8 10 8 11 180
1 7 0 0 0 0 100
1 7 8 12 9 12 100
0 0 0 0 0 0 112
0 0 7 8 7 9 112
0 3 0 0 0 0 212
0 3 10 7 10 6 212
0 4 0 0 0 0 82
0 4 9 7 9 8 82
0 7 0 0 0 0 212
0 7 5 10 5 11 212
1 1 0 0 0 0 312
1 1 10 10 10 9 312
1 0 0 0 0 0 258
1 0 13 9 12 9 258
1 2 0 0 0 0 73
1 2 11 9 11 10 73
1 3 0 0 0 0 173
1 3 11 11 10 11 173
1 5 0 0 0 0 173
1 5 8 11 8 10 173
1 7 0 0 0 0 93
1 7 9 12 9 11 93
0 0 0 0 0 0 104
0 0 7 9 7 8 104
0 3 0 0 0 0 204
0 3 10 6 10 7 204
0 4 0 0 0 0 74
0 4 9 8 8 8 74
1 1 0 0 0 0 304
1 1 10 9 10 10 304
1 0 0 0 0 0 246
1 0 12 9 12 10 246
0 7 0 0 0 0 204
0 7 5 11 6 11 204
1 2 0 0 0 0 66
1 2 11 10 11 11 66
1 3 0 0 0 0 166
1 3 10 11 10 12 166
1 5 0 0 0 0 166
1 5 8 10 8 11 166
1 7 0 0 0 0 86
1 7 9 11 9 10 86
0 0 0 0 0 0 96
0 0 7 8 7 9 96
0 4 0 0 0 0 66
0 4 8 8 8 7 66
0 3 0 0 0 0 196
0 3 10 7 10 6 196
1 1 0 0 0 0 296
1 1 10 10 10 9 296
1 0 0 0 0 0 234
1 0 12 10 12 11 234
0 7 0 0 0 0 196
0 7 6 11 6 10 196
1 3 0 0 0 0 159
1 3 10 12 10 11 159
1 2 0 0 0 0 59
1 2 11 11 11 10 59
1 5 0 0 0 0 159
1 5 8 11 8 10 159
1 7 0 0 0 0 79
1 7 9 10 9 11 79
0 0 0 0 0 0 88
0 0 7 9 6 9 88
0 4 0 0 0 0 58
0 4 8 7 8 8 58
0 3 0 0 0 0 188
0 3 10 6 10 7 188
1 0 0 0 0 0 222
1 0 12 11 12 10 222
0 7 0 0 0 0 188
0 7 6 10 6 11 188
1 1 0 0 0 0 288
1 1 10 9 10 10 288
1 2 0 0 0 0 52
1 2 11 10 11 11 52
1 3 0 0 0 0 152
1 3 10 11 10 12 152
1 5 0 0 0 0 152
1 5 8 10 9 10 152
1 7 0 0 0 0 72
1 7 9 11 8 11 72
0 0 0 0 0 0 80
0 0 6 9 6 10 80
0 3 0 0 0 0 180
0 3 10 7 11 7 180
0 4 0 0 0 0 50
0 4 8 8 8 7 50
1 0 0 0 0 0 210
1 0 12 10 12 9 210
1 1 0 0 0 0 280
1 1 10 10 10 11 280
0 7 0 0 0 0 180
0 7 6 11 7 11 180
1 3 0 0 0 0 145
1 3 10 12 9 12 145
1 2 0 0 0 0 45
1 2 11 11 11 12 45
1 5 0 0 0 0 145
1 5 9 10 9 11 145
1 7 0 0 0 0 65
0 7 0 0 0 0 115
0 0 0 0 0 0 72
0 0 6 10 6 11 72
0 4 0 0 0 0 42
0 4 8 7 8 8 42
0 3 0 0 0 0 172
0 3 11 7 11 6 172
1 0 0 0 0 0 198
1 0 12 9 12 10 198
1 1 0 0 0 0 272
1 1 10 11 10 10 272
0 7 0 0 0 0 107
1 2 0 0 0 0 38
1 2 11 12 11 11 38
1 3 0 0 0 0 138
1 3 9 12 10 12 138
1 5 0 0 0 0 138
1 5 9 11 10 11 138
1 7 0 0 0 0 58
0 7 0 0 0 0 42
0 0 0 0 0 0 64
0 0 6 11 5 11 64
0 3 0 0 0 0 164
0 3 11 6 11 7 164
0 4 0 0 0 0 34
0 4 8 8 8 7 34
0 7 0 0 0 0 34
1 7 99 99 99 99 -22
1 1 0 0 0 0 264
1 1 10 10 10 9 264
1 0 0 0 0 0 186
1 0 12 10 12 11 186
1 3 0 0 0 0 131
1 3 10 12 11 12 131
1 2 0 0 0 0 31
1 2 11 11 11 10 31
1 5 0 0 0 0 131
1 5 10 11 9 11 131
0 0 0 0 0 0 56
0 0 5 11 6 11 56
0 3 0 0 0 0 156
0 3 11 7 10 7 156
0 4 0 0 0 0 26
0 4 8 7 8 8 26
0 7 0 0 0 0 26
0 7 7 11 7 12 26
1 0 0 0 0 0 174
1 0 12 11 12 12 174
1 1 0 0 0 0 256
1 1 10 9 10 10 256
1 3 0 0 0 0 124
1 3 11 12 11 11 124
1 2 0 0 0 0 24
1 2 11 10 11 9 24
1 5 0 0 0 0 124
1 5 9 11 9 12 124
0 0 0 0 0 0 48
0 0 6 11 6 12 48
0 4 0 0 0 0 18
0 4 8 8 8 7 18
0 3 0 0 0 0 148
0 3 10 7 11 7 148
1 0 0 0 0 0 162
1 0 12 12 12 11 162
1 1 0 0 0 0 248
1 1 10 10 10 9 248
0 7 0 0 0 0 18
0 7 7 12 7 11 18
1 3 0 0 0 0 117
1 3 11 11 11 10 117
1 2 0 0 0 0 17
1 2 11 9 12 9 17
1 5 0 0 0 0 117
1 5 9 12 8 12 117
0 0 0 0 0 0 40
0 0 6 12 6 11 40
0 4 0 0 0 0 10
0 4 8 7 8 8 10
0 3 0 0 0 0 140
0 3 11 7 11 6 140
1 0 0 0 0 0 150
1 0 12 11 11 11 150
0 7 0 0 0 0 10
0 7 7 11 7 12 10
1 1 0 0 0 0 240
1 1 10 9 10 10 240
1 3 0 0 0 0 110
1 3 11 10 11 9 110
1 5 0 0 0 0 110
0 7 99 99 99 99 -55
1 2 0 0 0 0 10
1 2 12 9 12 10 10
0 0 0 0 0 0 32
0 0 6 11 6 10 32
0 3 0 0 0 0 132
0 3 11 6 11 7 132
0 4 0 0 0 0 2
0 4 8 8 8 7 2
1 0 0 0 0 0 138
1 0 11 11 11 10 138
1 1 0 0 0 0 232
1 1 10 10 10 9 232
1 3 0 0 0 0 103
1 3 11 9 12 9 103
1 2 0 0 0 0 3
1 2 12 10 13 10 3
1 5 0 0 0 0 103
1 5 8 12 8 13 103
0 0 0 0 0 0 24
0 0 6 10 6 11 24
0 3 0 0 0 0 124
0 3 11 7 12 7 124
0 4 99 99 99 99 -6
1 1 0 0 0 0 224
1 1 10 9 10 10 224
1 0 0 0 0 0 126
1 0 11 10 11 11 126
1 3 0 0 0 0 96
1 3 12 9 12 10 96
1 2 99 99 99 99 -4
1 5 0 0 0 0 96
1 5 8 13 8 12 96
0 0 0 0 0 0 16
0 0 6 11 7 11 16
0 3 0 0 0 0 116
0 3 12 7 12 6 116
1 0 0 0 0 0 114
1 0 11 11 10 11 114
1 1 0 0 0 0 216
1 1 10 10 10 9 216
1 3 0 0 0 0 89
1 3 12 10 12 11 89
1 5 0 0 0 0 89
1 5 8 12 9 12 89
0 0 0 0 0 0 8
0 0 7 11 6 11 8
0 3 0 0 0 0 108
0 3 12 6 12 7 108
1 3 0 0 0 0 82
1 3 12 11 11 11 82
1 1 0 0 0 0 208
1 1 10 9 10 10 208
1 0 0 0 0 0 102
1 0 10 11 9 11 102
1 5 0 0 0 0 82
1 5 9 12 10 12 82
0 0 99 99 99 99 0
0 3 0 0 0 0 100
0 3 12 7 12 6 100
1 1 0 0 0 0 200
1 1 10 10 10 9 200
1 0 0 0 0 0 90
1 0 9 11 9 10 90
1 3 0 0 0 0 75
1 3 11 11 11 10 75
1 5 0 0 0 0 75
1 5 10 12 10 11 75
0 3 0 0 0 0 92
0 3 12 6 12 7 92
1 3 0 0 0 0 68
1 3 11 10 11 9 68
1 5 0 0 0 0 68
1 5 10 11 10 10 68
1 1 0 0 0 0 192
1 0 0 0 0 0 78
1 0 9 10 9 11 78
0 3 0 0 0 0 84
0 3 12 7 13 7 84
1 0 0 0 0 0 66
1 0 9 11 9 10 66
1 1 0 0 0 0 184
1 3 0 0 0 0 61
1 3 11 9 12 9 61
1 5 0 0 0 0 61
1 5 10 10 11 10 61
0 3 0 0 0 0 76
0 3 13 7 13 8 76
1 1 0 0 0 0 176
1 1 10 9 11 9 176
1 0 0 0 0 0 54
1 0 9 10 10 10 54
1 3 0 0 0 0 54
1 3 12 9 13 9 54
1 5 0 0 0 0 54
1 5 11 10 11 11 54
0 3 0 0 0 0 68
1 3 99 99 99 99 -26
1 0 0 0 0 0 42
1 0 10 10 10 9 42
1 1 0 0 0 0 168
1 1 11 9 11 10 168
1 5 0 0 0 0 47
1 5 11 11 12 11 47
0 3 0 0 0 0 60
0 3 13 8 14 8 60
1 0 0 0 0 0 30
1 0 10 9 10 10 30
1 1 0 0 0 0 160
1 1 11 10 11 9 160
1 5 0 0 0 0 40
1 5 12 11 12 10 40
0 3 0 0 0 0 52
0 3 14 8 14 9 52
1 1 0 0 0 0 152
1 1 11 9 12 9 152
1 0 0 0 0 0 18
1 0 10 10 10 9 18
1 5 0 0 0 0 33
1 5 12 10 12 11 33
0 3 0 0 0 0 44
0 3 14 9 15 9 44
1 0 0 0 0 0 6
1 0 10 9 11 9 6
1 1 0 0 0 0 144
1 1 12 9 12 10 144
1 5 0 0 0 0 26
1 5 12 11 11 11 26
0 3 0 0 0 0 36
0 3 15 9 15 10 36
1 1 0 0 0 0 136
1 1 12 10 11 10 136
1 0 99 99 99 99 -6
1 5 0 0 0 0 19
0 3 0 0 0 0 28
0 3 15 10 15 11 28
1 1 0 0 0 0 128
1 1 11 10 10 10 128
1 5 0 0 0 0 12
1 5 11 11 12 11 12
0 3 0 0 0 0 20
0 3 15 11 15 10 20
1 1 0 0 0 0 120
1 1 10 10 11 10 120
1 5 0 0 0 0 5
1 5 12 11 12 10 5
0 3 0 0 0 0 12
0 3 15 10 14 10 12
1 1 0 0 0 0 112
1 5 99 99 99 99 -2
0 3 0 0 0 0 4
0 3 14 10 15 10 4
1 1 0 0 0 0 104
1 1 11 10 10 10 104
0 3 99 99 99 99 -4
1 1 0 0 0 0 96
