0 0 0 0 0 0 192
0 0 9 1 9 2 192
0 3 0 0 0 0 292
0 3 10 4 10 5 292
0 2 0 0 0 0 293
0 2 11 4 11 5 293
0 1 0 0 0 0 485
0 1 12 4 12 5 485
0 4 0 0 0 0 292
0 4 9 4 9 5 292
0 5 0 0 0 0 292
0 5 8 4 8 5 292
0 6 0 0 0 0 190
0 6 7 4 7 5 190
1 1 0 0 0 0 392
1 1 9 18 9 17 392
1 0 0 0 0 0 588
1 0 12 13 12 12 588
0 7 0 0 0 0 292
0 7 6 4 6 5 292
1 3 0 0 0 0 244
1 3 11 14 11 13 244
1 2 0 0 0 0 244
1 2 11 12 11 11 244
1 4 0 0 0 0 244
1 4 10 11 10 10 244
1 5 0 0 0 0 244
1 5 10 15 10 14 244
1 6 0 0 0 0 244
1 6 9 12 9 11 244
1 7 0 0 0 0 244
1 7 9 14 9 13 244
0 0 0 0 0 0 184
0 0 9 2 9 3 184
0 2 0 0 0 0 286
0 2 11 5 11 6 286
0 1 0 0 0 0 470
0 1 12 5 12 6 470
0 3 0 0 0 0 284
0 3 10 5 10 6 284
0 6 0 0 0 0 180
0 6 7 5 7 6 180
0 5 0 0 0 0 284
0 5 8 5 8 6 284
0 4 0 0 0 0 284
0 4 9 5 9 6 284
1 0 0 0 0 0 576
1 0 12 12 12 11 576
1 1 0 0 0 0 384
1 1 9 17 9 16 384
0 7 0 0 0 0 284
0 7 6 5 6 6 284
1 2 0 0 0 0 238
1 2 11 11 11 10 238
1 4 0 0 0 0 238
1 4 10 10 10 9 238
1 3 0 0 0 0 238
1 3 11 13 11 12 238
1 5 0 0 0 0 238
1 5 10 14 10 13 238
1 6 0 0 0 0 238
1 6 9 11 9 10 238
1 7 0 0 0 0 238
1 7 9 13 9 12 238
0 3 0 0 0 0 276
0 3 10 6 10 7 276
0 1 0 0 0 0 455
0 1 12 6 12 7 455
0 2 0 0 0 0 279
0 2 11 6 11 7 279
0 0 0 0 0 0 176
0 0 9 3 9 4 176
0 6 0 0 0 0 170
0 6 7 6 7 7 170
0 5 0 0 0 0 276
0 5 8 6 8 7 276
0 4 0 0 0 0 276
0 4 9 6 9 7 276
1 1 0 0 0 0 376
1 1 9 16 9 15 376
1 0 0 0 0 0 564
1 0 12 11 12 10 564
0 7 0 0 0 0 276
0 7 6 6 6 7 276
1 3 0 0 0 0 232
1 3 11 12 11 11 232
1 2 0 0 0 0 232
1 2 11 10 11 9 232
1 4 0 0 0 0 232
1 4 10 9 10 8 232
1 5 0 0 0 0 232
1 5 10 13 10 12 232
1 6 0 0 0 0 232
1 6 9 10 9 9 232
1 7 0 0 0 0 232
1 7 9 12 9 11 232
0 0 0 0 0 0 168
0 0 9 4 9 5 168
0 1 0 0 0 0 440
0 1 12 7 12 8 440
0 3 0 0 0 0 268
1 4 0 0 0 0 152
0 2 0 0 0 0 272
0 2 11 7 11 8 272
0 5 0 0 0 0 268
0 5 8 7 8 8 268
0 4 0 0 0 0 268
0 4 9 7 9 8 268
0 6 0 0 0 0 160
0 6 7 7 7 8 160
0 7 0 0 0 0 268
0 7 6 7 6 8 268
1 1 0 0 0 0 368
1 1 9 15 9 14 368
1 0 0 0 0 0 552
1 0 12 10 12 9 552
1 4 0 0 0 0 146
0 4 0 0 0 0 203
1 2 0 0 0 0 226
0 2 0 0 0 0 202
1 3 0 0 0 0 226
1 3 11 11 11 10 226
1 5 0 0 0 0 226
1 5 10 12 10 11 226
1 6 0 0 0 0 226
0 4 0 0 0 0 138
1 7 0 0 0 0 226
1 7 9 11 9 10 226
0 0 0 0 0 0 160
0 0 9 5 9 6 160
0 1 0 0 0 0 425
1 0 0 0 0 0 482
0 2 0 0 0 0 195
1 4 0 0 0 0 96
0 3 0 0 0 0 260
0 5 0 0 0 0 260
0 5 8 8 8 9 260
0 6 0 0 0 0 150
0 6 7 8 7 9 150
0 4 0 0 0 0 130
1 4 0 0 0 0 16
1 1 0 0 0 0 360
1 1 9 14 9 13 360
0 7 0 0 0 0 260
0 7 6 8 6 9 260
1 0 0 0 0 0 470
0 1 0 0 0 0 305
1 3 0 0 0 0 220
1 3 11 10 12 10 220
1 4 0 0 0 0 10
0 4 0 0 0 0 65
1 2 0 0 0 0 220
0 2 0 0 0 0 125
1 5 0 0 0 0 220
1 5 10 11 10 10 220
1 7 0 0 0 0 220
1 7 9 10 9 11 220
1 6 0 0 0 0 220
0 5 0 0 0 0 195
0 0 0 0 0 0 152
0 0 9 6 9 7 152
0 1 0 0 0 0 290
0 2 0 0 0 0 118
1 4 99 99 99 99 -40
0 3 0 0 0 0 252
0 3 10 7 11 7 252
0 4 0 0 0 0 57
1 6 0 0 0 0 140
0 5 0 0 0 0 187
1 6 0 0 0 0 60
0 6 0 0 0 0 140
0 6 7 9 7 10 140
1 0 0 0 0 0 458
0 1 0 0 0 0 170
0 7 0 0 0 0 252
0 7 6 9 7 9 252
1 1 0 0 0 0 352
1 1 9 13 9 12 352
1 2 0 0 0 0 214
0 2 0 0 0 0 48
1 3 0 0 0 0 214
1 3 12 10 12 11 214
1 5 0 0 0 0 214
1 5 10 10 10 9 214
1 7 0 0 0 0 214
1 7 9 11 9 10 214
1 6 0 0 0 0 54
0 5 0 0 0 0 122
0 0 0 0 0 0 144
0 0 9 7 10 7 144
0 1 0 0 0 0 155
1 0 0 0 0 0 388
0 3 0 0 0 0 244
0 3 11 7 11 6 244
0 2 0 0 0 0 41
1 2 0 0 0 0 164
0 4 0 0 0 0 49
1 6 99 99 99 99 -26
0 5 0 0 0 0 114
0 5 8 9 8 10 114
0 6 0 0 0 0 130
0 6 7 10 7 11 130
1 0 0 0 0 0 376
0 1 0 0 0 0 35
0 7 0 0 0 0 244
0 7 7 9 7 10 244
1 1 0 0 0 0 344
1 1 9 12 9 11 344
1 2 0 0 0 0 158
0 2 99 99 99 99 -29
1 3 0 0 0 0 208
1 3 12 11 12 10 208
1 5 0 0 0 0 208
1 5 10 9 10 10 208
1 7 0 0 0 0 208
0 5 0 0 0 0 49
0 0 0 0 0 0 136
0 0 10 7 9 7 136
0 1 0 0 0 0 20
1 0 0 0 0 0 306
0 3 0 0 0 0 236
0 3 11 6 11 7 236
0 5 0 0 0 0 41
1 7 0 0 0 0 128
0 6 0 0 0 0 120
0 6 7 11 6 11 120
0 4 0 0 0 0 41
0 4 9 8 8 8 41
1 5 0 0 0 0 202
1 5 10 10 10 9 202
1 2 0 0 0 0 152
1 2 11 9 11 10 152
1 0 0 0 0 0 294
0 1 99 99 99 99 -100
1 7 0 0 0 0 122
0 5 99 99 99 99 -24
1 1 0 0 0 0 336
1 1 9 11 8 11 336
0 7 0 0 0 0 236
0 7 7 10 7 11 236
1 3 0 0 0 0 202
1 3 12 10 12 11 202
0 0 0 0 0 0 128
0 0 9 7 9 8 128
0 3 0 0 0 0 228
0 3 11 7 12 7 228
0 4 0 0 0 0 33
0 4 8 8 8 9 33
0 6 0 0 0 0 110
0 6 6 11 6 10 110
1 7 0 0 0 0 116
1 7 9 10 9 11 116
0 7 0 0 0 0 228
1 1 0 0 0 0 266
1 3 0 0 0 0 196
1 3 12 11 12 10 196
1 5 0 0 0 0 196
1 5 10 9 11 9 196
1 0 0 0 0 0 282
1 0 12 9 13 9 282
1 2 0 0 0 0 146
1 2 11 10 11 11 146
1 1 0 0 0 0 258
0 7 0 0 0 0 133
0 0 0 0 0 0 120
0 0 9 8 9 7 120
0 3 0 0 0 0 220
0 3 12 7 13 7 220
0 4 0 0 0 0 25
0 4 8 9 8 8 25
0 6 0 0 0 0 100
0 6 6 10 6 11 100
0 7 0 0 0 0 125
1 0 0 0 0 0 270
1 0 13 9 13 10 270
1 1 0 0 0 0 250
0 7 0 0 0 0 30
1 2 0 0 0 0 140
1 2 11 11 10 11 140
1 3 0 0 0 0 190
1 3 12 10 12 9 190
1 5 0 0 0 0 190
1 5 11 9 10 9 190
1 7 0 0 0 0 110
1 7 9 11 9 12 110
0 0 0 0 0 0 112
0 0 9 7 9 8 112
0 3 0 0 0 0 212
0 3 13 7 13 8 212
0 6 0 0 0 0 90
0 6 6 11 6 10 90
0 4 0 0 0 0 17
0 4 8 8 8 9 17
1 0 0 0 0 0 258
1 0 13 10 13 11 258
1 1 0 0 0 0 242
0 7 99 99 99 99 -65
1 2 0 0 0 0 134
1 2 10 11 10 10 134
1 3 0 0 0 0 184
1 3 12 9 11 9 184
1 5 0 0 0 0 184
1 7 0 0 0 0 104
1 7 9 12 9 11 104
0 0 0 0 0 0 104
0 0 9 8 9 7 104
0 3 0 0 0 0 204
0 3 13 8 13 9 204
0 4 0 0 0 0 9
0 4 8 9 7 9 9
0 6 0 0 0 0 80
0 6 6 10 6 11 80
1 0 0 0 0 0 246
1 0 13 11 12 11 246
1 1 0 0 0 0 234
1 1 8 11 8 12 234
1 2 0 0 0 0 128
1 2 10 10 11 10 128
1 3 0 0 0 0 178
1 3 11 9 12 9 178
1 5 0 0 0 0 178
1 5 10 9 10 10 178
1 7 0 0 0 0 98
1 7 9 11 8 11 98
0 0 0 0 0 0 96
0 0 9 7 9 8 96
0 3 0 0 0 0 196
1 3 0 0 0 0 98
0 4 0 0 0 0 1
0 4 7 9 7 10 1
0 6 0 0 0 0 70
0 6 6 11 6 10 70
1 1 0 0 0 0 226
1 1 8 12 9 12 226
1 0 0 0 0 0 234
1 0 12 11 12 10 234
1 3 0 0 0 0 92
0 3 0 0 0 0 166
1 2 0 0 0 0 122
1 2 11 10 11 11 122
1 5 0 0 0 0 172
1 5 10 10 10 9 172
1 7 0 0 0 0 92
1 7 8 11 9 11 92
0 0 0 0 0 0 88
0 0 9 8 8 8 88
0 3 0 0 0 0 158
1 3 0 0 0 0 12
0 4 99 99 99 99 -7
0 6 0 0 0 0 60
0 6 6 10 6 11 60
1 1 0 0 0 0 218
1 1 9 12 8 12 218
1 0 0 0 0 0 222
1 0 12 10 13 10 222
1 2 0 0 0 0 116
1 2 11 11 11 10 116
1 3 0 0 0 0 6
0 3 0 0 0 0 128
1 5 0 0 0 0 166
1 5 10 9 11 9 166
1 7 0 0 0 0 86
1 7 9 11 9 10 86
0 0 0 0 0 0 80
0 0 8 8 8 9 80
0 3 0 0 0 0 120
1 3 99 99 99 99 -74
0 6 0 0 0 0 50
0 6 6 11 6 10 50
1 0 0 0 0 0 210
0 3 0 0 0 0 30
1 1 0 0 0 0 210
1 1 8 12 8 11 210
1 7 0 0 0 0 80
1 7 9 10 10 10 80
1 5 0 0 0 0 160
1 5 11 9 10 9 160
1 2 0 0 0 0 110
1 2 11 10 12 10 110
0 0 0 0 0 0 72
0 0 8 9 7 9 72
0 3 0 0 0 0 22
1 0 0 0 0 0 160
0 6 0 0 0 0 40
0 6 6 10 6 9 40
1 0 0 0 0 0 148
0 3 99 99 99 99 -68
1 1 0 0 0 0 202
1 1 8 11 9 11 202
1 2 0 0 0 0 104
1 2 12 10 11 10 104
1 5 0 0 0 0 154
1 5 10 9 11 9 154
1 7 0 0 0 0 74
1 7 10 10 10 9 74
0 0 0 0 0 0 64
0 0 7 9 8 9 64
0 6 0 0 0 0 30
0 6 6 9 6 10 30
1 7 0 0 0 0 68
1 7 10 9 10 10 68
1 2 0 0 0 0 98
1 2 11 10 11 11 98
1 1 0 0 0 0 194
1 1 9 11 9 10 194
1 0 0 0 0 0 136
1 0 13 10 13 11 136
1 5 0 0 0 0 148
1 5 11 9 11 10 148
0 0 0 0 0 0 56
0 0 8 9 8 8 56
0 6 0 0 0 0 20
0 6 6 10 6 11 20
1 1 0 0 0 0 186
1 1 9 10 9 11 186
1 0 0 0 0 0 124
1 0 13 11 13 10 124
1 2 0 0 0 0 92
1 2 11 11 12 11 92
1 5 0 0 0 0 142
1 5 11 10 11 11 142
1 7 0 0 0 0 62
1 7 10 10 10 9 62
0 0 0 0 0 0 48
0 0 8 8 8 9 48
0 6 0 0 0 0 10
0 6 6 11 6 10 10
1 2 0 0 0 0 86
1 2 12 11 12 10 86
1 0 0 0 0 0 112
1 0 13 10 14 10 112
1 1 0 0 0 0 178
1 1 9 11 9 10 178
1 5 0 0 0 0 136
1 5 11 11 11 10 136
1 7 0 0 0 0 56
1 7 10 9 10 10 56
0 0 0 0 0 0 40
0 0 8 9 7 9 40
0 6 99 99 99 99 0
1 0 0 0 0 0 100
1 0 14 10 14 9 100
1 1 0 0 0 0 170
1 1 9 10 9 11 170
1 2 0 0 0 0 80
1 2 12 10 13 10 80
1 5 0 0 0 0 130
1 5 11 10 11 9 130
1 7 0 0 0 0 50
1 7 10 10 10 9 50
0 0 0 0 0 0 32
0 0 7 9 8 9 32
1 5 0 0 0 0 124
1 5 11 9 11 10 124
1 7 0 0 0 0 44
1 7 10 9 11 9 44
1 0 0 0 0 0 88
1 0 14 9 15 9 88
1 1 0 0 0 0 162
1 1 9 11 9 10 162
1 2 0 0 0 0 74
1 2 13 10 14 10 74
0 0 0 0 0 0 24
0 0 8 9 8 8 24
1 1 0 0 0 0 154
1 1 9 10 10 10 154
1 0 0 0 0 0 76
1 0 15 9 15 8 76
1 2 0 0 0 0 68
1 2 14 10 14 9 68
1 5 0 0 0 0 118
1 5 11 10 12 10 118
1 7 0 0 0 0 38
1 7 11 9 10 9 38
0 0 0 0 0 0 16
0 0 8 8 8 9 16
1 0 0 0 0 0 64
1 0 15 8 15 9 64
1 1 0 0 0 0 146
1 1 10 10 11 10 146
1 2 0 0 0 0 62
1 2 14 9 14 8 62
1 5 0 0 0 0 112
1 5 12 10 13 10 112
1 7 0 0 0 0 32
1 7 10 9 10 10 32
0 0 0 0 0 0 8
0 0 8 9 7 9 8
1 0 0 0 0 0 52
1 0 15 9 14 9 52
1 1 0 0 0 0 138
1 1 11 10 11 9 138
1 2 0 0 0 0 56
1 2 14 8 13 8 56
1 5 0 0 0 0 106
1 5 13 10 12 10 106
1 7 0 0 0 0 26
1 7 10 10 10 9 26
0 0 99 99 99 99 0
1 0 0 0 0 0 40
1 1 0 0 0 0 130
1 2 0 0 0 0 50
1 7 0 0 0 0 20
1 5 0 0 0 0 100
