0 3 0 0 0 0 292
0 3 10 4 10 5 292
0 0 0 0 0 0 192
0 0 9 1 9 2 192
0 1 0 0 0 0 485
0 1 12 4 12 5 485
0 4 0 0 0 0 292
0 4 9 4 9 5 292
0 2 0 0 0 0 293
0 2 11 4 11 5 293
0 5 0 0 0 0 292
0 5 8 4 8 5 292
0 7 0 0 0 0 292
0 7 6 4 6 5 292
0 6 0 0 0 0 190
0 6 7 4 7 5 190
1 6 0 0 0 0 244
1 6 9 12 9 11 244
1 2 0 0 0 0 244
1 2 11 12 11 11 244
1 5 0 0 0 0 244
1 5 10 15 10 14 244
1 1 0 0 0 0 392
1 1 9 18 9 17 392
1 4 0 0 0 0 244
1 4 10 11 10 10 244
1 0 0 0 0 0 588
1 0 12 13 12 12 588
1 3 0 0 0 0 244
1 3 11 14 11 13 244
1 7 0 0 0 0 244
1 7 9 14 9 13 244
0 1 0 0 0 0 470
0 1 12 5 12 6 470
0 5 0 0 0 0 284
0 5 8 5 8 6 284
0 0 0 0 0 0 184
0 0 9 2 9 3 184
0 2 0 0 0 0 286
0 2 11 5 11 6 286
0 4 0 0 0 0 284
0 4 9 5 9 6 284
0 3 0 0 0 0 284
0 3 10 5 10 6 284
1 4 0 0 0 0 238
1 4 10 10 10 9 238
1 6 0 0 0 0 238
1 6 9 11 9 10 238
1 1 0 0 0 0 384
1 1 9 17 9 16 384
1 3 0 0 0 0 238
1 3 11 13 11 12 238
1 2 0 0 0 0 238
1 2 11 11 11 10 238
0 6 0 0 0 0 180
0 6 7 5 7 6 180
1 0 0 0 0 0 576
1 0 12 12 12 11 576
0 7 0 0 0 0 284
0 7 6 5 6 6 284
1 5 0 0 0 0 238
1 5 10 14 10 13 238
1 7 0 0 0 0 238
1 7 9 13 9 12 238
0 1 0 0 0 0 455
0 1 12 6 12 7 455
0 3 0 0 0 0 276
0 3 10 6 10 7 276
0 5 0 0 0 0 276
0 5 8 6 8 7 276
0 4 0 0 0 0 276
0 4 9 6 9 7 276
0 0 0 0 0 0 176
0 0 9 3 9 4 176
0 2 0 0 0 0 279
0 2 11 6 11 7 279
1 0 0 0 0 0 564
1 0 12 11 12 10 564
1 5 0 0 0 0 232
1 5 10 13 10 12 232
1 4 0 0 0 0 232
1 4 10 9 10 8 232
0 7 0 0 0 0 276
0 7 6 6 6 7 276
1 1 0 0 0 0 376
1 1 9 16 9 15 376
1 3 0 0 0 0 232
1 3 11 12 11 11 232
0 6 0 0 0 0 170
0 6 7 6 7 7 170
1 6 0 0 0 0 232
1 6 9 10 9 9 232
1 2 0 0 0 0 232
1 2 11 10 11 9 232
1 7 0 0 0 0 232
1 7 9 12 9 11 232
0 0 0 0 0 0 168
0 0 9 4 9 5 168
0 3 0 0 0 0 268
1 4 0 0 0 0 152
0 2 0 0 0 0 272
0 2 11 7 11 8 272
0 1 0 0 0 0 440
0 1 12 7 12 8 440
0 5 0 0 0 0 268
0 5 8 7 8 8 268
0 4 0 0 0 0 268
0 4 9 7 9 8 268
1 2 0 0 0 0 226
0 2 0 0 0 0 202
1 6 0 0 0 0 226
0 4 0 0 0 0 203
1 3 0 0 0 0 226
1 3 11 11 11 10 226
1 5 0 0 0 0 226
1 5 10 12 10 11 226
1 0 0 0 0 0 552
1 0 12 10 12 9 552
1 1 0 0 0 0 368
1 1 9 15 9 14 368
1 4 0 0 0 0 146
0 7 0 0 0 0 268
0 7 6 7 6 8 268
0 6 0 0 0 0 160
0 6 7 7 7 8 160
1 7 0 0 0 0 226
1 7 9 11 9 10 226
0 1 0 0 0 0 425
1 0 0 0 0 0 482
0 3 0 0 0 0 260
1 4 0 0 0 0 66
0 4 0 0 0 0 195
1 4 99 99 99 99 -14
0 0 0 0 0 0 160
0 0 9 5 9 6 160
0 2 0 0 0 0 195
1 2 0 0 0 0 176
0 5 0 0 0 0 260
0 5 8 8 8 9 260
0 7 0 0 0 0 260
0 7 6 8 6 9 260
1 1 0 0 0 0 360
1 1 9 14 9 13 360
1 6 0 0 0 0 220
0 5 0 0 0 0 195
1 2 0 0 0 0 170
0 2 0 0 0 0 125
0 6 0 0 0 0 150
0 6 7 8 7 9 150
1 3 0 0 0 0 220
1 3 11 10 10 10 220
1 5 0 0 0 0 220
1 5 10 11 10 12 220
1 0 0 0 0 0 470
1 7 0 0 0 0 220
1 7 9 10 8 10 220
0 3 0 0 0 0 252
0 3 10 7 9 7 252
0 5 0 0 0 0 187
1 6 0 0 0 0 140
0 0 0 0 0 0 152
0 0 9 6 8 6 152
0 4 0 0 0 0 187
1 6 0 0 0 0 60
0 2 0 0 0 0 118
1 2 0 0 0 0 120
0 1 0 0 0 0 410
1 0 0 0 0 0 400
1 6 0 0 0 0 54
0 5 0 0 0 0 122
0 7 0 0 0 0 252
0 7 6 9 6 10 252
1 0 0 0 0 0 388
0 1 0 0 0 0 290
1 5 0 0 0 0 214
1 5 10 12 10 11 214
1 3 0 0 0 0 214
1 3 10 10 10 9 214
1 1 0 0 0 0 352
1 1 9 13 9 12 352
0 6 0 0 0 0 140
0 6 7 9 7 10 140
1 2 0 0 0 0 114
1 7 0 0 0 0 214
0 6 0 0 0 0 60
0 1 0 0 0 0 275
0 3 0 0 0 0 244
0 3 9 7 9 6 244
0 5 0 0 0 0 114
0 2 0 0 0 0 111
1 2 0 0 0 0 64
0 0 0 0 0 0 144
0 0 8 6 8 7 144
0 4 0 0 0 0 179
1 6 99 99 99 99 -26
1 2 0 0 0 0 58
0 2 0 0 0 0 41
1 0 0 0 0 0 376
0 1 0 0 0 0 155
1 7 0 0 0 0 208
0 6 99 99 99 99 -20
1 1 0 0 0 0 344
1 1 9 12 9 11 344
1 3 0 0 0 0 208
1 3 10 9 10 10 208
1 5 0 0 0 0 208
1 5 10 11 11 11 208
0 7 0 0 0 0 244
0 7 6 10 6 9 244
0 4 0 0 0 0 171
0 4 9 8 9 7 171
0 2 0 0 0 0 34
1 2 0 0 0 0 8
0 1 0 0 0 0 140
0 3 0 0 0 0 236
0 3 9 6 8 6 236
0 0 0 0 0 0 136
0 0 8 7 8 8 136
0 5 0 0 0 0 106
1 7 0 0 0 0 128
1 5 0 0 0 0 202
1 5 11 11 11 10 202
1 3 0 0 0 0 202
1 3 10 10 10 9 202
1 0 0 0 0 0 364
0 1 0 0 0 0 20
1 2 0 0 0 0 2
0 2 99 99 99 99 -36
1 1 0 0 0 0 336
1 1 9 11 9 10 336
0 7 0 0 0 0 236
0 7 6 9 7 9 236
1 7 0 0 0 0 122
0 5 0 0 0 0 41
0 0 0 0 0 0 128
0 0 8 8 7 8 128
0 3 0 0 0 0 228
0 3 8 6 8 7 228
0 4 0 0 0 0 163
0 4 9 7 9 8 163
0 5 0 0 0 0 33
1 7 0 0 0 0 42
0 1 0 0 0 0 5
1 0 0 0 0 0 352
0 1 99 99 99 99 -115
1 5 0 0 0 0 196
1 5 11 10 12 10 196
1 1 0 0 0 0 328
1 1 9 10 10 10 328
0 7 0 0 0 0 228
0 7 7 9 6 9 228
1 3 0 0 0 0 196
1 2 99 99 99 99 -4
1 7 0 0 0 0 36
0 5 99 99 99 99 -32
0 3 0 0 0 0 220
0 3 8 7 8 8 220
0 4 0 0 0 0 155
0 4 9 8 9 7 155
0 0 0 0 0 0 120
0 0 7 8 7 9 120
0 7 0 0 0 0 220
0 7 6 9 6 10 220
1 7 0 0 0 0 30
1 7 8 10 9 10 30
1 5 0 0 0 0 190
1 5 12 10 12 11 190
1 1 0 0 0 0 320
1 1 10 10 11 10 320
1 0 0 0 0 0 340
1 0 12 9 13 9 340
1 3 0 0 0 0 190
1 3 10 9 10 10 190
0 4 0 0 0 0 147
0 4 9 7 9 8 147
0 3 0 0 0 0 212
0 3 8 8 7 8 212
1 0 0 0 0 0 328
1 0 13 9 13 8 328
0 7 0 0 0 0 212
0 7 6 10 6 9 212
1 5 0 0 0 0 184
1 5 12 11 12 10 184
1 3 0 0 0 0 184
1 3 10 10 10 9 184
1 1 0 0 0 0 312
1 1 11 10 11 11 312
1 7 0 0 0 0 24
1 7 9 10 8 10 24
0 0 0 0 0 0 112
0 4 0 0 0 0 139
0 4 9 8 9 7 139
0 3 0 0 0 0 204
0 3 7 8 6 8 204
0 0 0 0 0 0 104
0 0 7 9 7 8 104
1 0 0 0 0 0 316
1 0 13 8 13 7 316
1 3 0 0 0 0 178
1 3 10 9 10 10 178
0 7 0 0 0 0 204
0 7 6 9 6 10 204
1 5 0 0 0 0 178
1 5 12 10 12 9 178
1 1 0 0 0 0 304
1 1 11 11 11 10 304
1 7 0 0 0 0 18
1 7 8 10 9 10 18
0 0 0 0 0 0 96
0 0 7 8 7 9 96
0 3 0 0 0 0 196
0 3 6 8 6 9 196
0 4 0 0 0 0 131
0 4 9 7 9 8 131
1 5 0 0 0 0 172
1 5 12 9 12 10 172
1 3 0 0 0 0 172
1 3 10 10 10 11 172
1 0 0 0 0 0 304
1 0 13 7 13 8 304
0 7 0 0 0 0 196
0 7 6 10 5 10 196
1 1 0 0 0 0 296
1 1 11 10 11 11 296
1 7 0 0 0 0 12
1 7 9 10 8 10 12
0 4 0 0 0 0 123
0 4 9 8 8 8 123
0 0 0 0 0 0 88
0 0 7 9 7 8 88
0 3 0 0 0 0 188
0 3 6 9 6 10 188
1 0 0 0 0 0 292
1 0 13 8 14 8 292
1 5 0 0 0 0 166
1 5 12 10 11 10 166
1 3 0 0 0 0 166
1 3 10 11 10 10 166
0 7 0 0 0 0 188
0 7 5 10 5 11 188
1 1 0 0 0 0 288
1 1 11 11 10 11 288
1 7 0 0 0 0 6
1 7 8 10 8 11 6
0 4 0 0 0 0 115
0 4 8 8 8 7 115
0 3 0 0 0 0 180
0 3 6 10 6 9 180
0 0 0 0 0 0 80
0 0 7 8 7 9 80
1 0 0 0 0 0 280
1 0 14 8 14 9 280
1 1 0 0 0 0 280
1 1 10 11 10 12 280
1 5 0 0 0 0 160
1 5 11 10 12 10 160
0 7 0 0 0 0 180
0 7 5 11 5 12 180
1 3 0 0 0 0 160
1 3 10 10 10 9 160
1 7 99 99 99 99 0
0 0 0 0 0 0 72
0 0 7 9 7 8 72
0 3 0 0 0 0 172
0 3 6 9 7 9 172
0 4 0 0 0 0 107
0 4 8 7 8 8 107
1 1 0 0 0 0 272
1 1 10 12 9 12 272
1 0 0 0 0 0 268
1 0 14 9 14 10 268
1 3 0 0 0 0 154
1 3 10 9 10 10 154
1 5 0 0 0 0 154
1 5 12 10 12 9 154
0 7 0 0 0 0 172
0 7 5 12 5 11 172
0 3 0 0 0 0 164
0 4 0 0 0 0 99
0 4 8 8 8 7 99
0 0 0 0 0 0 64
0 0 7 8 8 8 64
1 5 0 0 0 0 148
1 5 12 9 12 10 148
1 0 0 0 0 0 256
1 0 14 10 14 9 256
0 7 0 0 0 0 164
0 7 5 11 5 12 164
1 1 0 0 0 0 264
1 1 9 12 9 11 264
1 3 0 0 0 0 148
1 3 10 10 10 9 148
0 0 0 0 0 0 56
0 0 8 8 9 8 56
0 3 0 0 0 0 156
0 3 7 9 6 9 156
0 4 0 0 0 0 91
0 4 8 7 8 8 91
1 3 0 0 0 0 142
1 3 10 9 10 10 142
1 5 0 0 0 0 142
1 5 12 10 12 9 142
0 7 0 0 0 0 156
0 7 5 12 5 11 156
1 0 0 0 0 0 244
1 0 14 9 14 10 244
1 1 0 0 0 0 256
1 1 9 11 9 10 256
0 4 0 0 0 0 83
0 4 8 8 7 8 83
0 3 0 0 0 0 148
0 3 6 9 7 9 148
0 0 0 0 0 0 48
0 0 9 8 9 7 48
1 0 0 0 0 0 232
1 0 14 10 14 9 232
1 3 0 0 0 0 136
1 3 10 10 10 9 136
0 7 0 0 0 0 148
0 7 5 11 5 10 148
1 5 0 0 0 0 136
1 5 12 9 12 10 136
1 1 0 0 0 0 248
1 1 9 10 10 10 248
0 4 0 0 0 0 75
0 4 7 8 8 8 75
0 0 0 0 0 0 40
0 0 9 7 9 8 40
0 3 0 0 0 0 140
0 3 7 9 6 9 140
1 0 0 0 0 0 220
1 0 14 9 14 8 220
0 7 0 0 0 0 140
0 7 5 10 5 9 140
1 5 0 0 0 0 130
1 5 12 10 12 9 130
1 1 0 0 0 0 240
1 1 10 10 10 11 240
1 3 0 0 0 0 130
1 3 10 9 10 10 130
0 4 0 0 0 0 67
0 4 8 8 8 7 67
0 3 0 0 0 0 132
0 3 6 9 6 10 132
0 0 0 0 0 0 32
0 0 9 8 8 8 32
1 0 0 0 0 0 208
1 0 14 8 14 7 208
0 7 0 0 0 0 132
0 7 5 9 5 8 132
1 1 0 0 0 0 232
1 1 10 11 10 12 232
1 5 0 0 0 0 124
1 5 12 9 13 9 124
1 3 0 0 0 0 124
1 3 10 10 10 9 124
0 4 0 0 0 0 59
0 4 8 7 7 7 59
0 3 0 0 0 0 124
0 3 6 10 6 9 124
0 0 0 0 0 0 24
0 0 8 8 8 7 24
1 1 0 0 0 0 224
1 1 10 12 10 11 224
1 0 0 0 0 0 196
1 0 14 7 14 8 196
1 3 0 0 0 0 118
1 3 10 9 10 10 118
0 7 0 0 0 0 124
0 7 5 8 5 9 124
1 5 0 0 0 0 118
1 5 13 9 12 9 118
0 4 0 0 0 0 51
0 4 7 7 7 8 51
0 3 0 0 0 0 116
0 3 6 9 7 9 116
0 0 0 0 0 0 16
0 0 8 7 8 8 16
1 1 0 0 0 0 216
1 1 10 11 11 11 216
1 5 0 0 0 0 112
1 5 12 9 13 9 112
1 3 0 0 0 0 112
1 3 10 10 10 9 112
1 0 0 0 0 0 184
1 0 14 8 13 8 184
0 7 0 0 0 0 116
0 7 5 9 6 9 116
0 3 0 0 0 0 108
0 4 0 0 0 0 43
0 4 7 8 6 8 43
0 0 0 0 0 0 8
0 0 8 8 8 7 8
1 1 0 0 0 0 208
1 1 11 11 11 10 208
1 5 0 0 0 0 106
1 5 13 9 13 10 106
0 7 0 0 0 0 108
0 7 6 9 6 10 108
1 3 0 0 0 0 106
1 3 10 9 10 10 106
1 0 0 0 0 0 172
1 0 13 8 13 9 172
0 0 99 99 99 99 0
0 4 0 0 0 0 35
0 4 6 8 6 9 35
0 3 0 0 0 0 100
0 3 7 9 7 8 100
1 1 0 0 0 0 200
1 1 11 10 12 10 200
0 7 0 0 0 0 100
0 7 6 10 5 10 100
1 5 0 0 0 0 100
1 5 13 10 14 10 100
1 3 0 0 0 0 100
1 3 10 10 10 9 100
1 0 0 0 0 0 160
1 0 13 9 13 8 160
0 3 0 0 0 0 92
0 3 7 8 7 9 92
0 4 0 0 0 0 27
0 4 6 9 6 10 27
0 7 0 0 0 0 92
0 7 5 10 5 9 92
1 3 0 0 0 0 94
1 3 10 9 10 10 94
1 5 0 0 0 0 94
1 5 14 10 13 10 94
1 0 0 0 0 0 148
1 0 13 8 13 9 148
1 1 0 0 0 0 192
1 1 12 10 12 9 192
0 3 0 0 0 0 84
0 3 7 9 6 9 84
0 4 0 0 0 0 19
0 4 6 10 6 11 19
1 3 0 0 0 0 88
1 3 10 10 10 11 88
0 7 0 0 0 0 84
0 7 5 9 5 10 84
1 0 0 0 0 0 136
1 0 13 9 14 9 136
1 1 0 0 0 0 184
1 1 12 9 12 10 184
1 5 0 0 0 0 88
1 5 13 10 13 9 88
0 4 0 0 0 0 11
0 4 6 11 6 10 11
0 3 0 0 0 0 76
0 3 6 9 6 8 76
1 1 0 0 0 0 176
1 1 12 10 12 9 176
0 7 0 0 0 0 76
0 7 5 10 5 9 76
1 5 0 0 0 0 82
1 5 13 9 13 10 82
1 3 0 0 0 0 82
1 3 10 11 10 10 82
1 0 0 0 0 0 124
1 0 14 9 13 9 124
0 3 0 0 0 0 68
0 3 6 8 6 9 68
0 4 0 0 0 0 3
0 4 6 10 5 10 3
1 0 0 0 0 0 112
1 0 13 9 14 9 112
1 5 0 0 0 0 76
1 5 13 10 13 9 76
1 3 0 0 0 0 76
1 3 10 10 10 9 76
0 7 0 0 0 0 68
0 7 5 9 4 9 68
1 1 0 0 0 0 168
1 1 12 9 12 10 168
0 4 99 99 99 99 -5
0 3 0 0 0 0 60
0 3 6 9 7 9 60
0 7 0 0 0 0 60
0 7 4 9 4 10 60
1 1 0 0 0 0 160
1 1 12 10 12 9 160
1 0 0 0 0 0 100
1 0 14 9 14 10 100
1 5 0 0 0 0 70
1 5 13 9 13 10 70
1 3 0 0 0 0 70
1 3 10 9 10 10 70
0 3 0 0 0 0 52
0 3 7 9 7 8 52
1 1 0 0 0 0 152
1 1 12 9 12 10 152
1 5 0 0 0 0 64
1 5 13 10 13 9 64
1 0 0 0 0 0 88
1 0 14 10 14 9 88
0 7 0 0 0 0 52
0 7 4 10 4 9 52
1 3 0 0 0 0 64
1 3 10 10 10 9 64
0 3 0 0 0 0 44
0 3 7 8 7 9 44
1 0 0 0 0 0 76
1 0 14 9 14 8 76
1 1 0 0 0 0 144
1 1 12 10 12 9 144
0 7 0 0 0 0 44
0 7 4 9 5 9 44
1 5 0 0 0 0 58
1 5 13 9 13 8 58
1 3 0 0 0 0 58
1 3 10 9 10 10 58
0 3 0 0 0 0 36
0 3 7 9 7 8 36
1 0 0 0 0 0 64
1 0 14 8 14 7 64
1 5 0 0 0 0 52
1 5 13 8 14 8 52
1 3 0 0 0 0 52
1 3 10 10 10 9 52
0 7 0 0 0 0 36
0 7 5 9 5 8 36
1 1 0 0 0 0 136
1 1 12 9 12 10 136
0 3 0 0 0 0 28
0 3 7 8 8 8 28
1 0 0 0 0 0 52
1 0 14 7 15 7 52
0 7 0 0 0 0 28
0 7 5 8 6 8 28
1 1 0 0 0 0 128
1 1 12 10 12 9 128
1 5 0 0 0 0 46
1 5 14 8 13 8 46
1 3 0 0 0 0 46
1 3 10 9 10 10 46
0 3 0 0 0 0 20
0 3 8 8 7 8 20
1 0 0 0 0 0 40
1 0 15 7 15 8 40
0 7 0 0 0 0 20
0 7 6 8 6 9 20
1 3 0 0 0 0 40
1 3 10 10 10 9 40
1 1 0 0 0 0 120
1 1 12 9 13 9 120
1 5 0 0 0 0 40
1 5 13 8 14 8 40
0 3 0 0 0 0 12
0 3 7 8 8 8 12
1 0 0 0 0 0 28
1 0 15 8 15 9 28
1 5 0 0 0 0 34
1 5 14 8 13 8 34
0 7 0 0 0 0 12
0 7 6 9 6 8 12
1 1 0 0 0 0 112
1 1 13 9 12 9 112
1 3 0 0 0 0 34
0 3 0 0 0 0 4
0 3 8 8 9 8 4
1 1 0 0 0 0 104
1 1 12 9 12 10 104
1 0 0 0 0 0 16
1 0 15 9 15 8 16
1 3 0 0 0 0 28
1 3 10 9 10 10 28
1 5 0 0 0 0 28
1 5 13 8 13 7 28
0 7 0 0 0 0 4
0 7 6 8 6 9 4
0 3 99 99 99 99 -4
0 7 99 99 99 99 -4
1 0 0 0 0 0 4
1 1 0 0 0 0 96
1 3 0 0 0 0 22
1 5 0 0 0 0 22
