0 0 0 0 0 0 192
0 0 9 2 9 3 192
0 2 0 0 0 0 293
0 2 11 5 11 6 293
0 3 0 0 0 0 292
0 3 10 5 10 6 292
0 4 0 0 0 0 292
0 4 9 5 9 6 292
0 5 0 0 0 0 292
0 5 8 5 8 6 292
0 1 0 0 0 0 485
0 1 12 5 12 6 485
0 6 0 0 0 0 190
0 6 7 5 7 6 190
0 7 0 0 0 0 292
0 7 6 5 6 6 292
1 2 0 0 0 0 243
1 2 11 11 11 10 243
1 3 0 0 0 0 243
1 3 11 13 11 12 243
1 1 0 0 0 0 392
1 1 9 17 9 16 392
1 5 0 0 0 0 243
1 5 10 14 10 13 243
1 4 0 0 0 0 243
1 4 10 10 10 9 243
1 6 0 0 0 0 243
1 6 9 11 9 10 243
1 0 0 0 0 0 588
1 0 12 12 12 11 588
1 7 0 0 0 0 243
1 7 9 13 9 12 243
0 0 0 0 0 0 184
0 0 9 3 9 4 184
0 7 0 0 0 0 284
0 7 6 6 6 7 284
0 4 0 0 0 0 284
0 4 9 6 9 7 284
0 6 0 0 0 0 180
0 6 7 6 7 7 180
0 5 0 0 0 0 284
0 5 8 6 8 7 284
0 2 0 0 0 0 286
0 2 11 6 11 7 286
0 1 0 0 0 0 470
0 1 12 6 12 7 470
0 3 0 0 0 0 284
0 3 10 6 10 7 284
1 3 0 0 0 0 236
1 3 11 12 11 11 236
1 0 0 0 0 0 576
1 0 12 11 12 10 576
1 1 0 0 0 0 384
1 1 9 16 9 15 384
1 2 0 0 0 0 236
1 2 11 10 11 9 236
1 7 0 0 0 0 236
1 7 9 12 9 11 236
1 4 0 0 0 0 236
1 4 10 9 10 8 236
1 6 0 0 0 0 236
1 6 9 10 9 9 236
1 5 0 0 0 0 236
1 5 10 13 10 12 236
0 0 0 0 0 0 176
0 0 9 4 9 5 176
0 7 0 0 0 0 276
0 7 6 7 6 8 276
0 1 0 0 0 0 455
0 1 12 7 12 8 455
0 5 0 0 0 0 276
0 5 8 7 8 8 276
0 3 0 0 0 0 276
1 4 0 0 0 0 156
0 4 0 0 0 0 276
0 4 9 7 9 8 276
0 2 0 0 0 0 279
0 2 11 7 11 8 279
0 6 0 0 0 0 170
0 6 7 7 7 8 170
1 3 0 0 0 0 229
1 3 11 11 11 10 229
1 1 0 0 0 0 376
1 1 9 15 9 14 376
1 2 0 0 0 0 229
0 2 0 0 0 0 209
1 0 0 0 0 0 564
1 0 12 10 12 9 564
1 6 0 0 0 0 229
0 4 0 0 0 0 211
1 7 0 0 0 0 229
1 7 9 11 9 10 229
1 5 0 0 0 0 229
1 5 10 12 10 11 229
1 4 0 0 0 0 149
0 4 0 0 0 0 146
0 0 0 0 0 0 168
0 0 9 5 9 6 168
0 3 0 0 0 0 268
0 6 0 0 0 0 160
0 6 7 8 7 9 160
0 7 0 0 0 0 268
0 7 6 8 6 9 268
0 5 0 0 0 0 268
0 5 8 8 8 9 268
0 1 0 0 0 0 440
1 0 0 0 0 0 494
0 2 0 0 0 0 202
1 4 0 0 0 0 99
0 4 0 0 0 0 138
1 4 0 0 0 0 19
1 2 0 0 0 0 222
0 2 0 0 0 0 132
1 0 0 0 0 0 482
0 1 0 0 0 0 320
1 3 0 0 0 0 222
1 3 11 10 11 11 222
1 1 0 0 0 0 368
1 1 9 14 9 13 368
1 5 0 0 0 0 222
1 5 10 11 10 10 222
1 7 0 0 0 0 222
1 7 9 10 8 10 222
1 4 0 0 0 0 12
0 4 0 0 0 0 73
1 6 0 0 0 0 222
0 5 0 0 0 0 203
0 0 0 0 0 0 160
0 0 9 6 9 7 160
0 6 0 0 0 0 150
0 6 7 9 7 10 150
0 2 0 0 0 0 125
1 4 99 99 99 99 -38
0 3 0 0 0 0 260
0 3 10 7 10 6 260
0 7 0 0 0 0 260
0 7 6 9 6 10 260
0 4 0 0 0 0 65
1 6 0 0 0 0 142
0 1 0 0 0 0 305
0 5 0 0 0 0 195
1 6 0 0 0 0 62
1 2 0 0 0 0 215
0 2 0 0 0 0 55
1 1 0 0 0 0 360
1 1 9 13 9 12 360
1 3 0 0 0 0 215
1 3 11 11 11 10 215
1 0 0 0 0 0 470
1 7 0 0 0 0 215
1 5 0 0 0 0 215
1 5 10 10 10 9 215
1 6 0 0 0 0 55
0 5 0 0 0 0 130
0 0 0 0 0 0 152
0 0 9 7 8 7 152
0 2 0 0 0 0 48
1 2 0 0 0 0 165
0 6 0 0 0 0 140
1 7 0 0 0 0 35
0 4 0 0 0 0 57
1 6 99 99 99 99 -25
0 1 0 0 0 0 290
1 0 0 0 0 0 400
0 5 0 0 0 0 122
1 7 99 99 99 99 -45
0 3 0 0 0 0 252
0 3 10 6 10 7 252
0 7 0 0 0 0 252
0 7 6 10 6 9 252
1 1 0 0 0 0 352
1 1 9 12 9 11 352
1 2 0 0 0 0 158
0 2 99 99 99 99 -22
1 0 0 0 0 0 388
0 1 0 0 0 0 170
1 3 0 0 0 0 208
1 3 11 10 12 10 208
1 5 0 0 0 0 208
1 5 10 9 10 10 208
0 0 0 0 0 0 144
0 0 8 7 8 8 144
0 7 0 0 0 0 244
0 7 6 9 6 10 244
0 3 0 0 0 0 244
0 3 10 7 9 7 244
0 1 0 0 0 0 155
1 0 0 0 0 0 318
0 5 0 0 0 0 114
0 5 8 9 7 9 114
0 6 0 0 0 0 130
0 6 7 10 7 11 130
0 4 0 0 0 0 49
1 2 0 0 0 0 151
1 2 11 9 11 10 151
1 0 0 0 0 0 306
0 1 0 0 0 0 35
1 3 0 0 0 0 201
1 3 12 10 13 10 201
1 1 0 0 0 0 344
1 1 9 11 8 11 344
1 5 0 0 0 0 201
1 5 10 10 10 11 201
0 0 0 0 0 0 136
0 0 8 8 8 9 136
0 4 0 0 0 0 41
0 4 9 8 8 8 41
0 7 0 0 0 0 236
0 7 6 10 6 11 236
0 1 0 0 0 0 20
1 0 0 0 0 0 236
0 6 0 0 0 0 120
1 1 0 0 0 0 174
0 3 0 0 0 0 236
0 3 9 7 9 8 236
0 5 0 0 0 0 106
0 5 7 9 7 10 106
1 1 0 0 0 0 166
0 6 0 0 0 0 10
1 2 0 0 0 0 144
1 2 11 10 11 11 144
1 0 0 0 0 0 224
0 1 99 99 99 99 -100
1 3 0 0 0 0 194
1 3 13 10 13 9 194
1 5 0 0 0 0 194
1 5 10 11 9 11 194
0 0 0 0 0 0 128
0 0 8 9 7 9 128
0 6 99 99 99 99 0
0 5 0 0 0 0 98
0 5 7 10 6 10 98
0 3 0 0 0 0 228
0 3 9 8 9 7 228
0 7 0 0 0 0 228
0 7 6 11 5 11 228
0 4 0 0 0 0 33
0 4 8 8 8 9 33
1 3 0 0 0 0 187
1 3 13 9 13 10 187
1 2 0 0 0 0 137
1 2 11 11 11 10 137
1 1 0 0 0 0 158
1 1 8 11 8 12 158
1 0 0 0 0 0 212
1 0 12 9 12 10 212
1 5 0 0 0 0 187
1 5 9 11 8 11 187
0 0 0 0 0 0 120
0 0 7 9 7 10 120
0 4 0 0 0 0 25
0 4 8 9 7 9 25
0 3 0 0 0 0 220
0 3 9 7 9 8 220
0 5 0 0 0 0 90
0 5 6 10 6 9 90
0 7 0 0 0 0 220
0 7 5 11 6 11 220
1 3 0 0 0 0 180
1 3 13 10 13 9 180
1 2 0 0 0 0 130
1 2 11 10 11 9 130
1 1 0 0 0 0 150
1 1 8 12 8 13 150
1 0 0 0 0 0 200
1 0 12 10 11 10 200
1 5 0 0 0 0 180
1 5 8 11 9 11 180
0 0 0 0 0 0 112
0 0 7 10 6 10 112
0 7 0 0 0 0 212
0 7 6 11 6 12 212
0 4 0 0 0 0 17
0 4 7 9 8 9 17
0 3 0 0 0 0 212
0 3 9 8 8 8 212
0 5 0 0 0 0 82
0 5 6 9 7 9 82
1 3 0 0 0 0 173
1 3 13 9 12 9 173
1 2 0 0 0 0 123
1 2 11 9 10 9 123
1 0 0 0 0 0 188
1 0 11 10 11 9 188
1 1 0 0 0 0 142
1 1 8 13 8 12 142
1 5 0 0 0 0 173
1 5 9 11 9 12 173
0 0 0 0 0 0 104
0 0 6 10 6 11 104
0 4 0 0 0 0 9
0 5 0 0 0 0 74
0 5 7 9 7 10 74
0 3 0 0 0 0 204
0 3 8 8 7 8 204
0 7 0 0 0 0 204
0 7 6 12 5 12 204
1 2 0 0 0 0 116
1 2 10 9 10 10 116
1 0 0 0 0 0 176
1 0 11 9 11 10 176
1 1 0 0 0 0 134
1 1 8 12 7 12 134
1 3 0 0 0 0 166
1 3 12 9 12 10 166
1 5 0 0 0 0 166
1 5 9 12 9 11 166
0 0 0 0 0 0 96
0 0 6 11 6 10 96
0 3 0 0 0 0 196
0 3 7 8 7 9 196
0 4 0 0 0 0 1
0 4 8 9 8 8 1
0 5 0 0 0 0 66
0 7 0 0 0 0 196
0 7 5 12 5 11 196
1 2 0 0 0 0 109
1 2 10 10 10 9 109
1 0 0 0 0 0 164
1 0 11 10 11 11 164
1 3 0 0 0 0 159
1 3 12 10 12 11 159
1 1 0 0 0 0 126
1 1 7 12 8 12 126
1 5 0 0 0 0 159
1 5 9 11 8 11 159
0 0 0 0 0 0 88
0 0 6 10 6 11 88
0 3 0 0 0 0 188
0 3 7 9 8 9 188
0 7 0 0 0 0 188
0 7 5 11 4 11 188
0 4 99 99 99 99 -7
0 5 0 0 0 0 58
0 5 7 10 6 10 58
1 3 0 0 0 0 152
1 3 12 11 12 12 152
1 2 0 0 0 0 102
1 2 10 9 10 10 102
1 1 0 0 0 0 118
1 1 8 12 7 12 118
1 0 0 0 0 0 152
1 0 11 11 11 10 152
1 5 0 0 0 0 152
1 5 8 11 8 12 152
0 0 0 0 0 0 80
0 0 6 11 6 12 80
0 5 0 0 0 0 50
0 5 6 10 6 11 50
0 3 0 0 0 0 180
0 3 8 9 7 9 180
0 7 0 0 0 0 180
0 7 4 11 4 12 180
1 3 0 0 0 0 145
1 3 12 12 11 12 145
1 0 0 0 0 0 140
1 0 11 10 11 11 140
1 1 0 0 0 0 110
0 0 99 99 99 99 0
1 2 0 0 0 0 95
1 2 10 10 10 11 95
1 5 0 0 0 0 145
1 5 8 12 8 11 145
1 3 0 0 0 0 138
1 3 11 12 10 12 138
1 2 0 0 0 0 88
1 2 10 11 9 11 88
0 5 0 0 0 0 42
0 5 6 11 6 10 42
0 7 0 0 0 0 172
0 7 4 12 5 12 172
0 3 0 0 0 0 172
0 3 7 9 7 10 172
1 0 0 0 0 0 128
1 0 11 11 11 10 128
1 5 0 0 0 0 138
1 5 8 11 8 12 138
1 1 0 0 0 0 102
0 5 0 0 0 0 34
0 5 6 10 6 9 34
0 3 0 0 0 0 164
0 3 7 10 6 10 164
0 7 0 0 0 0 164
0 7 5 12 5 13 164
1 2 0 0 0 0 81
1 2 9 11 9 10 81
1 3 0 0 0 0 131
1 3 10 12 10 13 131
1 0 0 0 0 0 116
1 0 11 10 11 9 116
1 1 0 0 0 0 94
1 1 7 12 7 13 94
1 5 0 0 0 0 131
1 5 8 12 8 11 131
0 7 0 0 0 0 156
0 7 5 13 5 12 156
0 5 0 0 0 0 26
0 5 6 9 6 8 26
0 3 0 0 0 0 156
0 3 6 10 7 10 156
1 2 0 0 0 0 74
1 2 9 10 10 10 74
1 3 0 0 0 0 124
1 3 10 13 10 12 124
1 1 0 0 0 0 86
1 1 7 13 7 12 86
1 0 0 0 0 0 104
1 0 11 9 11 10 104
1 5 0 0 0 0 124
1 5 8 11 8 12 124
0 3 0 0 0 0 148
0 3 7 10 6 10 148
0 5 0 0 0 0 18
0 5 6 8 6 9 18
0 7 0 0 0 0 148
0 7 5 12 5 11 148
1 0 0 0 0 0 92
1 0 11 10 11 9 92
1 2 0 0 0 0 67
1 2 10 10 10 9 67
1 1 0 0 0 0 78
1 1 7 12 7 13 78
1 3 0 0 0 0 117
1 3 10 12 10 11 117
1 5 0 0 0 0 117
1 5 8 12 8 11 117
0 3 0 0 0 0 140
0 3 6 10 6 11 140
0 7 0 0 0 0 140
0 7 5 11 5 10 140
0 5 0 0 0 0 10
0 5 6 9 7 9 10
1 3 0 0 0 0 110
1 3 10 11 10 10 110
1 0 0 0 0 0 80
1 0 11 9 11 10 80
1 1 0 0 0 0 70
1 1 7 13 7 12 70
1 2 0 0 0 0 60
1 2 10 9 11 9 60
1 5 0 0 0 0 110
1 5 8 11 9 11 110
0 7 0 0 0 0 132
0 7 5 10 5 9 132
0 3 0 0 0 0 132
0 3 6 11 6 10 132
0 5 0 0 0 0 2
0 5 7 9 7 10 2
1 3 0 0 0 0 103
1 3 10 10 10 9 103
1 2 0 0 0 0 53
1 2 11 9 12 9 53
1 0 0 0 0 0 68
1 0 11 10 11 9 68
1 1 0 0 0 0 62
1 1 7 12 7 13 62
1 5 0 0 0 0 103
1 5 9 11 9 10 103
0 3 0 0 0 0 124
0 3 6 10 5 10 124
0 7 0 0 0 0 124
0 7 5 9 6 9 124
0 5 99 99 99 99 -6
1 3 0 0 0 0 96
1 3 10 9 10 10 96
1 1 0 0 0 0 54
1 1 7 13 7 12 54
1 2 0 0 0 0 46
1 2 12 9 12 10 46
1 0 0 0 0 0 56
1 0 11 9 11 10 56
1 5 0 0 0 0 96
1 5 9 10 9 11 96
0 3 0 0 0 0 116
0 3 5 10 6 10 116
0 7 0 0 0 0 116
0 7 6 9 6 8 116
1 1 0 0 0 0 46
1 1 7 12 8 12 46
1 5 0 0 0 0 89
1 5 9 11 9 10 89
1 0 0 0 0 0 44
1 0 11 10 11 9 44
1 2 0 0 0 0 39
1 2 12 10 12 9 39
1 3 0 0 0 0 89
1 3 10 10 11 10 89
0 7 0 0 0 0 108
0 7 6 8 6 9 108
0 3 0 0 0 0 108
0 3 6 10 6 11 108
1 3 0 0 0 0 82
1 3 11 10 11 11 82
1 2 0 0 0 0 32
1 2 12 9 13 9 32
1 0 0 0 0 0 32
1 0 11 9 11 10 32
1 1 0 0 0 0 38
1 1 8 12 8 11 38
1 5 0 0 0 0 82
1 5 9 10 9 11 82
0 7 0 0 0 0 100
0 7 6 9 6 10 100
0 3 0 0 0 0 100
0 3 6 11 5 11 100
1 3 0 0 0 0 75
1 3 11 11 10 11 75
1 0 0 0 0 0 20
1 0 11 10 11 11 20
1 1 0 0 0 0 30
1 1 8 11 8 12 30
1 2 0 0 0 0 25
1 2 13 9 13 10 25
1 5 0 0 0 0 75
1 5 9 11 9 10 75
0 3 0 0 0 0 92
0 3 5 11 5 10 92
0 7 0 0 0 0 92
0 7 6 10 6 11 92
1 2 0 0 0 0 18
1 2 13 10 12 10 18
1 0 0 0 0 0 8
1 0 11 11 12 11 8
1 1 0 0 0 0 22
1 1 8 12 8 11 22
1 3 0 0 0 0 68
1 3 10 11 9 11 68
1 5 0 0 0 0 68
1 5 9 10 10 10 68
0 7 0 0 0 0 84
0 7 6 11 6 10 84
0 3 0 0 0 0 84
0 3 5 10 5 11 84
1 1 0 0 0 0 14
1 1 8 11 8 12 14
1 3 0 0 0 0 61
1 3 9 11 8 11 61
1 0 99 99 99 99 -4
1 2 0 0 0 0 11
1 5 0 0 0 0 61
1 5 10 10 9 10 61
0 7 0 0 0 0 76
0 7 6 10 5 10 76
0 3 0 0 0 0 76
0 3 5 11 6 11 76
1 1 0 0 0 0 6
1 1 8 12 8 13 6
1 2 0 0 0 0 4
1 2 12 10 11 10 4
1 3 0 0 0 0 54
1 3 8 11 9 11 54
1 5 0 0 0 0 54
1 5 9 10 10 10 54
0 3 0 0 0 0 68
0 3 6 11 6 10 68
0 7 0 0 0 0 68
0 7 5 10 4 10 68
1 2 99 99 99 99 -3
1 3 0 0 0 0 47
1 3 9 11 9 10 47
1 1 99 99 99 99 -2
1 5 0 0 0 0 47
1 5 10 10 10 9 47
0 7 0 0 0 0 60
0 7 4 10 4 9 60
1 3 0 0 0 0 40
1 3 9 10 10 10 40
0 3 0 0 0 0 60
0 3 6 10 6 9 60
1 5 0 0 0 0 40
1 5 10 9 11 9 40
0 3 0 0 0 0 52
0 3 6 9 7 9 52
0 7 0 0 0 0 52
0 7 4 9 4 10 52
1 3 0 0 0 0 33
1 3 10 10 9 10 33
1 5 0 0 0 0 33
1 5 11 9 10 9 33
0 3 0 0 0 0 44
0 3 7 9 8 9 44
0 7 0 0 0 0 44
0 7 4 10 5 10 44
1 3 0 0 0 0 26
1 3 9 10 9 11 26
1 5 0 0 0 0 26
1 5 10 9 10 10 26
0 3 0 0 0 0 36
0 3 8 9 7 9 36
0 7 0 0 0 0 36
0 7 5 10 5 11 36
1 3 0 0 0 0 19
1 3 9 11 9 10 19
1 5 0 0 0 0 19
1 5 10 10 10 11 19
0 7 0 0 0 0 28
0 7 5 11 6 11 28
0 3 0 0 0 0 28
0 3 7 9 6 9 28
1 3 0 0 0 0 12
1 3 9 10 10 10 12
1 5 0 0 0 0 12
1 5 10 11 9 11 12
0 7 0 0 0 0 20
0 7 6 11 6 10 20
0 3 0 0 0 0 20
0 3 6 9 7 9 20
1 3 0 0 0 0 5
1 3 10 10 9 10 5
1 5 0 0 0 0 5
1 5 9 11 9 12 5
0 3 0 0 0 0 12
0 3 7 9 8 9 12
0 7 0 0 0 0 12
0 7 6 10 6 11 12
1 3 99 99 99 99 -2
1 5 99 99 99 99 -2
0 3 0 0 0 0 4
0 7 0 0 0 0 4
