0 0 0 0 0 0 192
0 0 9 1 9 2 192
0 3 0 0 0 0 292
0 3 10 4 10 5 292
0 1 0 0 0 0 485
0 1 12 4 12 5 485
0 2 0 0 0 0 293
0 2 11 4 11 5 293
0 4 0 0 0 0 292
0 4 9 4 9 5 292
0 5 0 0 0 0 292
0 5 8 4 8 5 292
0 7 0 0 0 0 292
0 7 6 4 6 5 292
1 1 0 0 0 0 392
1 1 9 18 9 17 392
1 0 0 0 0 0 588
1 0 12 13 12 12 588
1 2 0 0 0 0 244
1 2 11 12 11 11 244
1 3 0 0 0 0 244
1 3 11 14 11 13 244
1 4 0 0 0 0 244
1 4 10 11 10 10 244
1 7 0 0 0 0 244
1 7 9 14 9 13 244
1 6 0 0 0 0 244
1 6 9 12 9 11 244
1 5 0 0 0 0 244
1 5 10 15 10 14 244
0 6 0 0 0 0 190
0 6 7 4 7 5 190
0 0 0 0 0 0 184
0 0 9 2 9 3 184
0 3 0 0 0 0 284
0 3 10 5 10 6 284
0 2 0 0 0 0 286
0 2 11 5 11 6 286
0 1 0 0 0 0 470
0 1 12 5 12 6 470
0 4 0 0 0 0 284
0 4 9 5 9 6 284
0 6 0 0 0 0 180
0 6 7 5 7 6 180
0 5 0 0 0 0 284
0 5 8 5 8 6 284
0 7 0 0 0 0 284
0 7 6 5 6 6 284
1 0 0 0 0 0 576
1 0 12 12 12 11 576
1 1 0 0 0 0 384
1 1 9 17 9 16 384
1 2 0 0 0 0 238
1 2 11 11 11 10 238
1 4 0 0 0 0 238
1 4 10 10 10 9 238
1 3 0 0 0 0 238
1 3 11 13 11 12 238
1 7 0 0 0 0 238
1 7 9 13 9 12 238
1 5 0 0 0 0 238
1 5 10 14 10 13 238
1 6 0 0 0 0 238
1 6 9 11 9 10 238
0 0 0 0 0 0 176
0 0 9 3 9 4 176
0 2 0 0 0 0 279
0 2 11 6 11 7 279
0 1 0 0 0 0 455
0 1 12 6 12 7 455
0 3 0 0 0 0 276
0 3 10 6 10 7 276
0 4 0 0 0 0 276
0 4 9 6 9 7 276
0 6 0 0 0 0 170
0 6 7 6 7 7 170
0 5 0 0 0 0 276
0 5 8 6 8 7 276
0 7 0 0 0 0 276
0 7 6 6 6 7 276
1 1 0 0 0 0 376
1 1 9 16 9 15 376
1 0 0 0 0 0 564
1 0 12 11 12 10 564
1 2 0 0 0 0 232
1 2 11 10 11 9 232
1 4 0 0 0 0 232
1 4 10 9 10 8 232
1 3 0 0 0 0 232
1 3 11 12 11 11 232
1 5 0 0 0 0 232
1 5 10 13 10 12 232
1 7 0 0 0 0 232
1 7 9 12 9 11 232
1 6 0 0 0 0 232
1 6 9 10 9 9 232
0 0 0 0 0 0 168
0 0 9 4 9 5 168
0 2 0 0 0 0 272
0 2 11 7 11 8 272
0 3 0 0 0 0 268
1 4 0 0 0 0 152
0 1 0 0 0 0 440
0 1 12 7 12 8 440
0 4 0 0 0 0 268
0 4 9 7 9 8 268
0 5 0 0 0 0 268
0 5 8 7 8 8 268
0 6 0 0 0 0 160
0 6 7 7 7 8 160
0 7 0 0 0 0 268
0 7 6 7 6 8 268
1 0 0 0 0 0 552
1 0 12 10 12 9 552
1 1 0 0 0 0 368
1 1 9 15 9 14 368
1 3 0 0 0 0 226
1 3 11 11 11 10 226
1 2 0 0 0 0 226
0 2 0 0 0 0 202
1 4 0 0 0 0 146
1 7 0 0 0 0 226
1 7 9 11 9 10 226
1 5 0 0 0 0 226
1 5 10 12 10 11 226
1 6 0 0 0 0 226
0 4 0 0 0 0 203
0 0 0 0 0 0 160
0 0 9 5 9 6 160
0 3 0 0 0 0 260
0 1 0 0 0 0 425
0 2 0 0 0 0 195
1 4 0 0 0 0 96
0 4 0 0 0 0 195
1 4 0 0 0 0 16
0 6 0 0 0 0 150
0 6 7 8 7 9 150
0 5 0 0 0 0 260
0 5 8 8 8 9 260
0 7 0 0 0 0 260
0 7 6 8 6 9 260
1 1 0 0 0 0 360
1 1 9 14 9 13 360
1 0 0 0 0 0 540
0 1 0 0 0 0 305
1 4 0 0 0 0 10
0 4 0 0 0 0 130
1 3 0 0 0 0 220
1 3 11 10 12 10 220
1 5 0 0 0 0 220
1 5 10 11 10 10 220
1 2 0 0 0 0 220
0 2 0 0 0 0 125
1 6 0 0 0 0 220
0 5 0 0 0 0 195
1 7 0 0 0 0 220
1 7 9 10 9 11 220
0 0 0 0 0 0 152
0 0 9 6 9 7 152
0 3 0 0 0 0 252
1 4 99 99 99 99 -70
0 1 0 0 0 0 290
1 0 0 0 0 0 470
0 2 0 0 0 0 118
1 2 0 0 0 0 170
0 4 0 0 0 0 122
1 6 0 0 0 0 140
0 7 0 0 0 0 252
0 7 6 9 6 10 252
0 5 0 0 0 0 187
0 6 0 0 0 0 140
0 6 7 9 7 10 140
1 0 0 0 0 0 458
1 1 0 0 0 0 352
1 1 9 13 9 12 352
1 3 0 0 0 0 214
1 3 12 10 12 11 214
1 2 0 0 0 0 164
0 2 0 0 0 0 48
1 6 0 0 0 0 134
0 5 0 0 0 0 122
1 5 0 0 0 0 214
1 5 10 10 10 9 214
1 7 0 0 0 0 214
1 7 9 11 9 10 214
0 0 0 0 0 0 144
0 0 9 7 8 7 144
0 1 0 0 0 0 275
0 3 0 0 0 0 244
0 3 10 7 10 6 244
0 2 0 0 0 0 41
1 2 0 0 0 0 114
0 4 0 0 0 0 114
1 6 0 0 0 0 54
0 7 0 0 0 0 244
0 7 6 10 6 9 244
0 5 0 0 0 0 114
1 6 99 99 99 99 -26
0 6 0 0 0 0 130
0 6 7 10 8 10 130
1 1 0 0 0 0 344
1 1 9 12 9 11 344
1 0 0 0 0 0 446
1 2 0 0 0 0 108
0 2 99 99 99 99 -29
1 3 0 0 0 0 208
1 3 12 11 12 10 208
1 5 0 0 0 0 208
1 5 10 9 10 10 208
1 7 0 0 0 0 208
0 6 0 0 0 0 50
0 0 0 0 0 0 136
0 0 8 7 8 8 136
0 3 0 0 0 0 236
0 3 10 6 10 7 236
0 1 0 0 0 0 260
1 0 0 0 0 0 376
0 4 0 0 0 0 106
0 4 9 8 9 7 106
0 5 0 0 0 0 106
0 5 8 9 7 9 106
0 6 0 0 0 0 40
0 7 0 0 0 0 236
0 7 6 9 6 10 236
1 7 0 0 0 0 202
0 6 99 99 99 99 -40
1 2 0 0 0 0 102
1 2 11 9 11 10 102
1 5 0 0 0 0 202
1 5 10 10 10 9 202
1 3 0 0 0 0 202
1 3 12 10 13 10 202
1 0 0 0 0 0 364
0 1 0 0 0 0 140
1 1 0 0 0 0 336
1 1 9 11 10 11 336
0 0 0 0 0 0 128
0 0 8 8 8 9 128
0 3 0 0 0 0 228
0 3 10 7 11 7 228
0 1 0 0 0 0 125
1 0 0 0 0 0 294
0 4 0 0 0 0 98
0 4 9 7 9 8 98
0 7 0 0 0 0 228
0 7 6 10 7 10 228
0 5 0 0 0 0 98
0 5 7 9 7 8 98
1 0 0 0 0 0 282
0 1 0 0 0 0 5
1 1 0 0 0 0 328
1 1 10 11 10 10 328
1 3 0 0 0 0 196
1 3 13 10 12 10 196
1 2 0 0 0 0 96
1 2 11 10 11 9 96
1 7 0 0 0 0 196
1 7 9 10 9 11 196
1 5 0 0 0 0 196
0 0 0 0 0 0 120
0 0 8 9 8 8 120
0 3 0 0 0 0 220
0 3 11 7 12 7 220
0 1 99 99 99 99 -10
0 4 0 0 0 0 90
0 4 9 8 9 7 90
0 7 0 0 0 0 220
0 7 7 10 7 9 220
0 5 0 0 0 0 90
0 5 7 8 6 8 90
1 1 0 0 0 0 320
1 1 10 10 11 10 320
1 0 0 0 0 0 270
1 0 12 9 13 9 270
1 2 0 0 0 0 90
1 2 11 9 12 9 90
1 3 0 0 0 0 190
1 3 12 10 12 11 190
1 7 0 0 0 0 190
1 7 9 11 9 10 190
1 5 0 0 0 0 190
1 5 10 9 10 10 190
0 0 0 0 0 0 112
0 0 8 8 8 9 112
0 3 0 0 0 0 212
0 3 12 7 13 7 212
1 7 0 0 0 0 184
1 7 9 10 9 11 184
1 5 0 0 0 0 184
1 5 10 10 10 9 184
1 1 0 0 0 0 312
1 1 11 10 11 9 312
0 7 0 0 0 0 212
0 7 7 9 7 10 212
0 5 0 0 0 0 82
0 5 6 8 6 9 82
0 4 0 0 0 0 82
0 4 9 7 9 8 82
1 0 0 0 0 0 258
1 0 13 9 14 9 258
1 2 0 0 0 0 84
1 2 12 9 13 9 84
1 3 0 0 0 0 184
1 3 12 11 12 10 184
0 0 0 0 0 0 104
0 0 8 9 8 8 104
0 3 0 0 0 0 204
0 3 13 7 13 8 204
0 4 0 0 0 0 74
0 4 9 8 9 7 74
0 5 0 0 0 0 74
0 5 6 9 7 9 74
0 7 0 0 0 0 204
0 7 7 10 7 11 204
1 1 0 0 0 0 304
1 1 11 9 11 10 304
1 0 0 0 0 0 246
1 0 14 9 14 8 246
1 3 0 0 0 0 178
1 3 12 10 12 9 178
1 2 0 0 0 0 78
0 3 0 0 0 0 174
1 5 0 0 0 0 178
1 5 10 9 11 9 178
1 7 0 0 0 0 178
1 7 9 11 9 10 178
0 0 0 0 0 0 96
0 0 8 8 8 9 96
0 3 0 0 0 0 166
0 4 0 0 0 0 66
0 4 9 7 9 8 66
0 7 0 0 0 0 196
0 7 7 11 7 10 196
0 5 0 0 0 0 66
0 5 7 9 7 8 66
1 1 0 0 0 0 296
1 1 11 10 11 11 296
1 0 0 0 0 0 234
1 3 0 0 0 0 172
1 3 12 9 12 10 172
1 2 0 0 0 0 72
0 3 0 0 0 0 136
1 7 0 0 0 0 172
1 7 9 10 10 10 172
1 5 0 0 0 0 172
1 5 11 9 11 10 172
0 0 0 0 0 0 88
0 0 8 9 7 9 88
0 3 0 0 0 0 128
0 4 0 0 0 0 58
0 4 9 8 9 7 58
0 5 0 0 0 0 58
0 5 7 8 6 8 58
0 7 0 0 0 0 188
0 7 7 10 6 10 188
1 0 0 0 0 0 222
0 3 0 0 0 0 38
1 1 0 0 0 0 288
1 1 11 11 12 11 288
1 2 0 0 0 0 66
0 3 0 0 0 0 8
1 3 0 0 0 0 166
1 3 12 10 12 9 166
1 5 0 0 0 0 166
1 5 11 10 11 9 166
1 7 0 0 0 0 166
1 7 10 10 10 9 166
0 0 0 0 0 0 80
0 0 7 9 8 9 80
0 3 99 99 99 99 0
0 4 0 0 0 0 50
0 4 9 7 9 8 50
0 5 0 0 0 0 50
0 5 6 8 6 9 50
0 7 0 0 0 0 180
0 7 6 10 6 11 180
1 0 0 0 0 0 210
1 0 14 8 14 9 210
1 1 0 0 0 0 280
1 1 12 11 12 10 280
1 2 0 0 0 0 60
1 2 13 9 13 10 60
1 3 0 0 0 0 160
1 3 12 9 13 9 160
1 7 0 0 0 0 160
1 5 0 0 0 0 160
1 5 11 9 12 9 160
0 0 0 0 0 0 72
0 0 8 9 8 8 72
0 4 0 0 0 0 42
0 4 9 8 9 7 42
0 7 0 0 0 0 172
0 7 6 11 6 10 172
0 5 0 0 0 0 42
0 5 6 9 6 8 42
1 0 0 0 0 0 198
1 0 14 9 14 8 198
1 1 0 0 0 0 272
1 1 12 10 12 11 272
1 5 0 0 0 0 154
1 5 12 9 11 9 154
1 7 0 0 0 0 154
1 7 10 9 10 10 154
1 3 0 0 0 0 154
1 3 13 9 12 9 154
1 2 0 0 0 0 54
1 2 13 10 13 9 54
0 0 0 0 0 0 64
0 0 8 8 8 9 64
0 4 0 0 0 0 34
0 4 9 7 9 8 34
0 5 0 0 0 0 34
0 5 6 8 6 9 34
0 7 0 0 0 0 164
0 7 6 10 7 10 164
1 1 0 0 0 0 264
1 1 12 11 12 10 264
1 0 0 0 0 0 186
1 0 14 8 14 9 186
1 3 0 0 0 0 148
1 2 0 0 0 0 48
1 2 13 9 13 10 48
1 7 0 0 0 0 148
1 7 10 10 10 9 148
1 5 0 0 0 0 148
1 5 11 9 11 10 148
0 0 0 0 0 0 56
0 0 8 9 8 8 56
0 4 0 0 0 0 26
0 4 9 8 9 7 26
0 7 0 0 0 0 156
0 7 7 10 7 9 156
0 5 0 0 0 0 26
0 5 6 9 6 8 26
1 1 0 0 0 0 256
1 1 12 10 12 11 256
1 0 0 0 0 0 174
1 0 14 9 13 9 174
1 3 0 0 0 0 142
1 3 12 9 12 10 142
1 2 0 0 0 0 42
1 2 13 10 14 10 42
1 5 0 0 0 0 142
1 5 11 10 11 9 142
1 7 0 0 0 0 142
1 7 10 9 10 10 142
0 0 0 0 0 0 48
0 0 8 8 8 9 48
0 4 0 0 0 0 18
0 4 9 7 9 8 18
0 5 0 0 0 0 18
0 5 6 8 6 9 18
0 7 0 0 0 0 148
0 7 7 9 7 10 148
1 0 0 0 0 0 162
1 0 13 9 14 9 162
1 1 0 0 0 0 248
1 1 12 11 11 11 248
1 2 0 0 0 0 36
1 2 14 10 13 10 36
1 3 0 0 0 0 136
1 3 12 10 12 9 136
1 7 0 0 0 0 136
1 7 10 10 10 9 136
1 5 0 0 0 0 136
1 5 11 9 11 10 136
0 0 0 0 0 0 40
0 0 8 9 7 9 40
0 4 0 0 0 0 10
0 4 9 8 9 7 10
0 7 0 0 0 0 140
0 7 7 10 7 11 140
0 5 0 0 0 0 10
0 5 6 9 6 10 10
1 0 0 0 0 0 150
1 0 14 9 13 9 150
1 1 0 0 0 0 240
1 1 11 11 10 11 240
1 3 0 0 0 0 130
1 3 12 9 11 9 130
1 2 0 0 0 0 30
1 2 13 10 12 10 30
1 7 0 0 0 0 130
1 7 10 9 10 10 130
1 5 0 0 0 0 130
1 5 11 10 11 11 130
0 0 0 0 0 0 32
0 0 7 9 7 10 32
0 4 0 0 0 0 2
0 4 9 7 9 8 2
0 7 0 0 0 0 132
0 7 7 11 6 11 132
0 5 0 0 0 0 2
0 5 6 10 6 9 2
1 1 0 0 0 0 232
1 1 10 11 9 11 232
1 0 0 0 0 0 138
1 0 13 9 12 9 138
1 3 0 0 0 0 124
1 3 11 9 11 10 124
1 2 0 0 0 0 24
1 2 12 10 12 11 24
1 5 0 0 0 0 124
1 5 11 11 11 12 124
1 7 0 0 0 0 124
1 7 10 10 10 9 124
0 0 0 0 0 0 24
0 0 7 10 7 11 24
0 4 99 99 99 99 -6
0 5 99 99 99 99 -6
0 7 0 0 0 0 124
0 7 6 11 6 12 124
1 0 0 0 0 0 126
1 0 12 9 12 10 126
1 1 0 0 0 0 224
1 1 9 11 8 11 224
1 2 0 0 0 0 18
1 2 12 11 11 11 18
1 3 0 0 0 0 118
1 3 11 10 10 10 118
1 5 0 0 0 0 118
1 5 11 12 12 12 118
1 7 0 0 0 0 118
1 7 10 9 11 9 118
0 0 0 0 0 0 16
0 7 0 0 0 0 116
0 7 6 12 6 11 116
1 1 0 0 0 0 216
0 0 99 99 99 99 -64
1 0 0 0 0 0 114
1 0 12 10 12 11 114
1 3 0 0 0 0 112
1 3 10 10 10 11 112
1 2 0 0 0 0 12
1 2 11 11 11 12 12
1 5 0 0 0 0 112
1 5 12 12 12 13 112
1 7 0 0 0 0 112
1 7 11 9 11 10 112
1 5 0 0 0 0 106
1 5 12 13 12 12 106
1 2 0 0 0 0 6
1 2 11 12 11 11 6
1 1 0 0 0 0 208
1 1 8 11 9 11 208
1 0 0 0 0 0 102
1 0 12 11 12 10 102
1 7 0 0 0 0 106
1 7 11 10 10 10 106
1 3 0 0 0 0 106
1 3 10 11 10 12 106
0 7 0 0 0 0 108
0 7 6 11 6 10 108
0 7 0 0 0 0 100
0 7 6 10 6 11 100
1 1 0 0 0 0 200
1 1 9 11 8 11 200
1 0 0 0 0 0 90
1 0 12 10 12 11 90
1 3 0 0 0 0 100
1 3 10 12 10 11 100
1 2 99 99 99 99 0
1 5 0 0 0 0 100
1 5 12 12 13 12 100
1 7 0 0 0 0 100
1 7 10 10 10 9 100
0 7 0 0 0 0 92
0 7 6 11 6 10 92
1 0 0 0 0 0 78
1 0 12 11 12 10 78
1 1 0 0 0 0 192
1 1 8 11 8 12 192
1 3 0 0 0 0 94
1 3 10 11 10 10 94
1 7 0 0 0 0 94
1 7 10 9 11 9 94
1 5 0 0 0 0 94
1 5 13 12 13 11 94
0 7 0 0 0 0 84
0 7 6 10 7 10 84
1 0 0 0 0 0 66
1 0 12 10 11 10 66
1 1 0 0 0 0 184
1 1 8 12 8 11 184
1 3 0 0 0 0 88
1 3 10 10 9 10 88
1 5 0 0 0 0 88
1 5 13 11 13 10 88
1 7 0 0 0 0 88
1 7 11 9 12 9 88
0 7 0 0 0 0 76
0 7 7 10 6 10 76
1 1 0 0 0 0 176
1 1 8 11 9 11 176
1 0 0 0 0 0 54
1 0 11 10 10 10 54
1 3 0 0 0 0 82
1 5 0 0 0 0 82
1 5 13 10 12 10 82
1 7 0 0 0 0 82
1 7 12 9 11 9 82
0 7 0 0 0 0 68
0 7 6 10 7 10 68
1 0 0 0 0 0 42
1 0 10 10 10 9 42
1 1 0 0 0 0 168
1 1 9 11 10 11 168
1 3 0 0 0 0 76
1 3 9 10 9 11 76
1 7 0 0 0 0 76
1 7 11 9 11 10 76
1 5 0 0 0 0 76
1 5 12 10 12 11 76
0 7 0 0 0 0 60
0 7 7 10 7 9 60
1 0 0 0 0 0 30
1 0 10 9 11 9 30
1 1 0 0 0 0 160
1 1 10 11 10 10 160
1 3 0 0 0 0 70
1 3 9 11 9 10 70
1 5 0 0 0 0 70
1 5 12 11 12 10 70
1 7 0 0 0 0 70
0 7 0 0 0 0 52
0 7 7 9 7 10 52
1 1 0 0 0 0 152
1 1 10 10 10 11 152
1 0 0 0 0 0 18
1 0 11 9 10 9 18
1 3 0 0 0 0 64
1 3 9 10 10 10 64
1 5 0 0 0 0 64
1 5 12 10 13 10 64
1 7 0 0 0 0 64
1 7 11 10 12 10 64
0 7 0 0 0 0 44
0 7 7 10 6 10 44
1 0 0 0 0 0 6
1 0 10 9 11 9 6
1 1 0 0 0 0 144
1 1 10 11 9 11 144
1 3 0 0 0 0 58
1 3 10 10 9 10 58
1 7 0 0 0 0 58
1 7 12 10 11 10 58
1 5 0 0 0 0 58
1 5 13 10 12 10 58
0 7 0 0 0 0 36
0 7 6 10 7 10 36
1 1 0 0 0 0 136
1 1 9 11 9 12 136
1 0 99 99 99 99 -6
1 3 0 0 0 0 52
1 3 9 10 9 11 52
1 7 0 0 0 0 52
1 7 11 10 10 10 52
1 5 0 0 0 0 52
1 5 12 10 11 10 52
0 7 0 0 0 0 28
0 7 7 10 7 9 28
1 1 0 0 0 0 128
1 1 9 12 10 12 128
1 3 0 0 0 0 46
1 3 9 11 9 10 46
1 5 0 0 0 0 46
1 5 11 10 12 10 46
1 7 0 0 0 0 46
1 7 10 10 10 9 46
0 7 0 0 0 0 20
0 7 7 9 7 10 20
1 1 0 0 0 0 120
1 1 10 12 10 11 120
1 3 0 0 0 0 40
1 3 9 10 9 11 40
1 7 0 0 0 0 40
1 7 10 9 10 10 40
1 5 0 0 0 0 40
1 5 12 10 11 10 40
0 7 0 0 0 0 12
0 7 7 10 7 9 12
1 1 0 0 0 0 112
1 1 10 11 10 12 112
1 3 0 0 0 0 34
1 3 9 11 9 10 34
1 7 0 0 0 0 34
1 7 10 10 10 9 34
1 5 0 0 0 0 34
1 5 11 10 12 10 34
0 7 0 0 0 0 4
0 7 7 9 7 10 4
1 1 0 0 0 0 104
1 1 10 12 10 11 104
1 3 0 0 0 0 28
1 3 9 10 9 11 28
1 7 0 0 0 0 28
1 7 10 9 10 10 28
1 5 0 0 0 0 28
1 5 12 10 11 10 28
0 7 99 99 99 99 -4
1 1 0 0 0 0 96
1 3 0 0 0 0 22
1 5 0 0 0 0 22
1 7 0 0 0 0 22
