0 6 0 0 0 0 190
0 6 7 4 7 5 190
0 1 0 0 0 0 485
0 1 12 4 12 5 485
0 0 0 0 0 0 192
0 0 9 1 9 2 192
0 2 0 0 0 0 293
0 2 11 4 11 5 293
0 4 0 0 0 0 292
0 4 9 4 9 5 292
0 3 0 0 0 0 292
0 3 10 4 10 5 292
0 7 0 0 0 0 292
0 7 6 4 6 5 292
0 5 0 0 0 0 292
0 5 8 4 8 5 292
1 2 0 0 0 0 244
1 2 11 12 11 11 244
1 3 0 0 0 0 244
1 3 11 14 11 13 244
1 5 0 0 0 0 244
1 5 10 15 10 14 244
1 6 0 0 0 0 244
1 6 9 12 9 11 244
1 0 0 0 0 0 588
1 0 12 13 12 12 588
1 4 0 0 0 0 244
1 4 10 11 10 10 244
1 7 0 0 0 0 244
1 7 9 14 9 13 244
1 1 0 0 0 0 392
1 1 9 18 9 17 392
0 6 0 0 0 0 180
0 6 7 5 7 6 180
0 4 0 0 0 0 284
0 4 9 5 9 6 284
0 1 0 0 0 0 470
0 1 12 5 12 6 470
0 3 0 0 0 0 284
0 3 10 5 10 6 284
0 0 0 0 0 0 184
0 0 9 2 9 3 184
0 7 0 0 0 0 284
0 7 6 5 6 6 284
0 2 0 0 0 0 286
0 2 11 5 11 6 286
0 5 0 0 0 0 284
0 5 8 5 8 6 284
1 7 0 0 0 0 238
1 7 9 13 9 12 238
1 3 0 0 0 0 238
1 3 11 13 11 12 238
1 6 0 0 0 0 238
1 6 9 11 9 10 238
1 1 0 0 0 0 384
1 1 9 17 9 16 384
1 2 0 0 0 0 238
1 2 11 11 11 10 238
1 5 0 0 0 0 238
1 5 10 14 10 13 238
1 4 0 0 0 0 238
1 4 10 10 10 9 238
1 0 0 0 0 0 576
1 0 12 12 12 11 576
0 3 0 0 0 0 276
0 3 10 6 10 7 276
0 6 0 0 0 0 170
0 6 7 6 7 7 170
0 7 0 0 0 0 276
0 7 6 6 6 7 276
0 1 0 0 0 0 455
0 1 12 6 12 7 455
0 4 0 0 0 0 276
0 4 9 6 9 7 276
0 5 0 0 0 0 276
0 5 8 6 8 7 276
0 0 0 0 0 0 176
0 0 9 3 9 4 176
0 2 0 0 0 0 279
0 2 11 6 11 7 279
1 7 0 0 0 0 232
1 7 9 12 9 11 232
1 2 0 0 0 0 232
1 2 11 10 11 9 232
1 5 0 0 0 0 232
1 5 10 13 10 12 232
1 1 0 0 0 0 376
1 1 9 16 9 15 376
1 3 0 0 0 0 232
1 3 11 12 11 11 232
1 0 0 0 0 0 564
1 0 12 11 12 10 564
1 4 0 0 0 0 232
1 4 10 9 10 8 232
1 6 0 0 0 0 232
1 6 9 10 9 9 232
0 2 0 0 0 0 272
0 2 11 7 11 8 272
0 1 0 0 0 0 440
0 1 12 7 12 8 440
0 0 0 0 0 0 168
0 0 9 4 9 5 168
0 4 0 0 0 0 268
0 4 9 7 9 8 268
0 5 0 0 0 0 268
0 5 8 7 8 8 268
0 6 0 0 0 0 160
0 6 7 7 7 8 160
0 3 0 0 0 0 268
1 4 0 0 0 0 152
0 7 0 0 0 0 268
0 7 6 7 6 8 268
1 5 0 0 0 0 226
1 5 10 12 10 11 226
1 7 0 0 0 0 226
1 7 9 11 9 10 226
1 0 0 0 0 0 552
1 0 12 10 12 9 552
1 4 0 0 0 0 146
0 4 0 0 0 0 203
1 2 0 0 0 0 226
0 2 0 0 0 0 202
1 3 0 0 0 0 226
1 3 11 11 11 10 226
1 6 0 0 0 0 226
0 4 0 0 0 0 138
1 1 0 0 0 0 368
1 1 9 15 9 14 368
0 6 0 0 0 0 150
0 6 7 8 7 9 150
0 1 0 0 0 0 425
1 0 0 0 0 0 482
0 2 0 0 0 0 195
1 4 0 0 0 0 96
0 7 0 0 0 0 260
0 7 6 8 6 9 260
0 0 0 0 0 0 160
0 0 9 5 9 6 160
0 5 0 0 0 0 260
0 5 8 8 8 9 260
0 4 0 0 0 0 130
1 4 0 0 0 0 16
0 3 0 0 0 0 260
1 2 0 0 0 0 220
0 2 0 0 0 0 125
1 0 0 0 0 0 470
0 1 0 0 0 0 305
1 1 0 0 0 0 360
1 1 9 14 9 13 360
1 3 0 0 0 0 220
1 3 11 10 11 11 220
1 4 0 0 0 0 10
0 4 0 0 0 0 65
1 5 0 0 0 0 220
1 5 10 11 10 10 220
1 6 0 0 0 0 220
0 5 0 0 0 0 195
1 7 0 0 0 0 220
1 7 9 10 9 11 220
0 5 0 0 0 0 187
0 1 0 0 0 0 290
0 6 0 0 0 0 140
0 6 7 9 7 8 140
0 4 0 0 0 0 57
1 4 99 99 99 99 -70
0 0 0 0 0 0 152
0 0 9 6 9 7 152
0 2 0 0 0 0 118
1 2 0 0 0 0 170
0 7 0 0 0 0 252
0 7 6 9 7 9 252
0 3 0 0 0 0 252
0 3 10 7 11 7 252
1 5 0 0 0 0 214
1 5 10 10 10 9 214
1 2 0 0 0 0 164
0 2 0 0 0 0 48
1 7 0 0 0 0 214
1 7 9 11 9 10 214
1 6 0 0 0 0 214
0 5 0 0 0 0 122
1 3 0 0 0 0 214
1 3 11 11 11 10 214
1 1 0 0 0 0 352
1 1 9 13 9 12 352
1 0 0 0 0 0 458
0 1 0 0 0 0 170
1 1 0 0 0 0 344
1 1 9 12 9 11 344
1 5 0 0 0 0 208
1 5 10 9 10 10 208
1 3 0 0 0 0 208
1 3 11 10 11 11 208
0 6 0 0 0 0 130
0 6 7 8 7 7 130
0 2 0 0 0 0 41
1 2 0 0 0 0 114
0 3 0 0 0 0 244
0 3 11 7 11 6 244
0 7 0 0 0 0 244
0 7 7 9 7 10 244
0 1 0 0 0 0 155
1 0 0 0 0 0 388
1 7 0 0 0 0 208
1 7 9 10 8 10 208
1 6 0 0 0 0 208
0 5 0 0 0 0 57
1 2 0 0 0 0 108
0 2 99 99 99 99 -29
1 0 0 0 0 0 376
0 1 0 0 0 0 35
0 5 0 0 0 0 49
1 6 0 0 0 0 128
0 0 0 0 0 0 144
0 0 9 7 8 7 144
0 4 0 0 0 0 49
0 7 0 0 0 0 236
1 7 0 0 0 0 128
0 4 0 0 0 0 41
0 1 0 0 0 0 20
1 0 0 0 0 0 306
0 3 0 0 0 0 236
0 3 11 6 11 7 236
0 0 0 0 0 0 136
0 0 8 7 8 8 136
0 6 0 0 0 0 120
0 6 7 7 7 8 120
0 5 0 0 0 0 41
1 6 0 0 0 0 48
1 3 0 0 0 0 202
1 3 11 11 11 10 202
1 7 0 0 0 0 122
1 0 0 0 0 0 294
0 1 99 99 99 99 -100
1 1 0 0 0 0 336
1 1 9 11 9 10 336
1 5 0 0 0 0 202
1 5 10 10 10 9 202
1 2 0 0 0 0 102
1 6 0 0 0 0 42
0 5 99 99 99 99 -24
0 6 0 0 0 0 110
0 6 7 8 7 9 110
0 4 0 0 0 0 33
1 6 99 99 99 99 -38
0 3 0 0 0 0 228
0 3 11 7 12 7 228
0 0 0 0 0 0 128
0 0 8 8 7 8 128
1 7 0 0 0 0 116
1 1 0 0 0 0 328
1 1 9 10 10 10 328
1 5 0 0 0 0 196
1 2 0 0 0 0 96
1 0 0 0 0 0 282
1 0 12 9 12 10 282
1 3 0 0 0 0 196
1 3 11 10 11 11 196
0 7 0 0 0 0 228
1 7 0 0 0 0 36
0 0 0 0 0 0 120
0 0 7 8 7 7 120
0 7 0 0 0 0 220
1 7 99 99 99 99 -44
0 3 0 0 0 0 220
0 3 12 7 12 6 220
1 1 0 0 0 0 320
1 1 10 10 9 10 320
0 6 0 0 0 0 100
0 6 7 9 7 8 100
0 4 0 0 0 0 25
0 4 9 8 9 7 25
1 5 0 0 0 0 190
1 5 10 9 10 10 190
1 0 0 0 0 0 270
1 0 12 10 12 9 270
1 3 0 0 0 0 190
1 3 11 11 11 10 190
1 2 0 0 0 0 90
1 2 11 9 10 9 90
0 3 0 0 0 0 212
0 3 12 6 12 7 212
0 6 0 0 0 0 90
0 6 7 8 7 9 90
0 0 0 0 0 0 112
0 0 7 7 7 8 112
0 4 0 0 0 0 17
0 4 9 7 9 8 17
0 7 0 0 0 0 212
0 7 7 10 7 11 212
1 3 0 0 0 0 184
1 3 11 10 11 9 184
1 0 0 0 0 0 258
1 0 12 9 13 9 258
1 2 0 0 0 0 84
1 1 0 0 0 0 312
1 1 9 10 9 11 312
1 5 0 0 0 0 184
1 5 10 10 10 11 184
0 0 0 0 0 0 104
0 0 7 8 6 8 104
0 6 0 0 0 0 80
0 6 7 9 7 10 80
0 7 0 0 0 0 204
0 7 7 11 8 11 204
0 4 0 0 0 0 9
0 4 9 8 9 7 9
0 3 0 0 0 0 204
0 3 12 7 13 7 204
1 1 0 0 0 0 304
0 7 0 0 0 0 109
1 5 0 0 0 0 178
1 5 10 11 11 11 178
1 3 0 0 0 0 178
1 3 11 9 12 9 178
1 2 0 0 0 0 78
1 2 10 9 10 10 78
1 0 0 0 0 0 246
1 0 13 9 13 8 246
0 6 0 0 0 0 70
0 6 7 10 7 11 70
0 4 0 0 0 0 1
0 4 9 7 9 8 1
0 3 0 0 0 0 196
1 0 0 0 0 0 196
0 7 0 0 0 0 101
1 1 0 0 0 0 234
0 0 0 0 0 0 96
0 0 6 8 6 9 96
1 1 0 0 0 0 226
0 7 0 0 0 0 6
1 0 0 0 0 0 184
0 3 0 0 0 0 106
1 3 0 0 0 0 172
1 3 12 9 12 10 172
1 2 0 0 0 0 72
1 2 10 10 10 11 72
1 5 0 0 0 0 172
1 5 11 11 11 12 172
0 0 0 0 0 0 88
0 0 6 9 6 10 88
0 6 0 0 0 0 60
0 6 7 11 7 10 60
0 3 0 0 0 0 98
1 0 0 0 0 0 134
0 7 99 99 99 99 -2
1 1 0 0 0 0 218
1 1 9 11 9 10 218
1 5 0 0 0 0 166
1 5 11 12 11 11 166
1 2 0 0 0 0 66
1 2 10 11 10 10 66
1 3 0 0 0 0 166
1 3 12 10 11 10 166
1 0 0 0 0 0 122
0 3 0 0 0 0 8
0 4 99 99 99 99 -7
0 6 0 0 0 0 50
0 6 7 10 7 11 50
0 0 0 0 0 0 80
0 0 6 10 6 11 80
0 3 99 99 99 99 0
1 1 0 0 0 0 210
1 1 9 10 9 11 210
1 5 0 0 0 0 160
1 5 11 11 10 11 160
1 3 0 0 0 0 160
1 3 11 10 11 11 160
1 2 0 0 0 0 60
1 2 10 10 11 10 60
1 0 0 0 0 0 110
1 0 13 8 13 9 110
0 6 0 0 0 0 40
0 6 7 11 7 12 40
0 0 0 0 0 0 72
0 0 6 11 6 10 72
1 3 0 0 0 0 154
1 3 11 11 12 11 154
1 2 0 0 0 0 54
1 2 11 10 11 11 54
1 0 0 0 0 0 98
1 0 13 9 13 10 98
1 5 0 0 0 0 154
1 5 10 11 10 12 154
1 1 0 0 0 0 202
1 1 9 11 9 10 202
0 0 0 0 0 0 64
0 0 6 10 6 11 64
0 6 0 0 0 0 30
0 6 7 12 7 11 30
1 1 0 0 0 0 194
1 1 9 10 9 11 194
1 2 0 0 0 0 48
1 2 11 11 10 11 48
1 0 0 0 0 0 86
1 0 13 10 13 11 86
1 5 0 0 0 0 148
1 5 10 12 10 13 148
1 3 0 0 0 0 148
1 3 12 11 11 11 148
0 6 0 0 0 0 20
0 6 7 11 7 12 20
0 0 0 0 0 0 56
0 0 6 11 7 11 56
1 5 0 0 0 0 142
1 5 10 13 10 12 142
1 2 0 0 0 0 42
1 2 10 11 10 10 42
1 3 0 0 0 0 142
1 3 11 11 10 11 142
1 1 0 0 0 0 186
1 1 9 11 9 12 186
1 0 0 0 0 0 74
1 0 13 11 12 11 74
0 6 0 0 0 0 10
0 6 7 12 6 12 10
0 0 0 0 0 0 48
0 0 7 11 6 11 48
1 2 0 0 0 0 36
1 2 10 10 9 10 36
1 0 0 0 0 0 62
1 0 12 11 12 12 62
1 5 0 0 0 0 136
1 5 10 12 11 12 136
1 3 0 0 0 0 136
1 3 10 11 10 12 136
1 1 0 0 0 0 178
1 1 9 12 8 12 178
0 6 99 99 99 99 0
0 0 0 0 0 0 40
0 0 6 11 7 11 40
1 5 0 0 0 0 130
1 5 11 12 11 11 130
1 1 0 0 0 0 170
1 1 8 12 8 13 170
1 0 0 0 0 0 50
1 0 12 12 12 11 50
1 3 0 0 0 0 130
1 3 10 12 10 11 130
1 2 0 0 0 0 30
1 2 9 10 9 11 30
0 0 0 0 0 0 32
0 0 7 11 7 10 32
1 3 0 0 0 0 124
1 3 10 11 10 10 124
1 0 0 0 0 0 38
1 0 12 11 12 10 38
1 5 0 0 0 0 124
1 5 11 11 11 10 124
1 1 0 0 0 0 162
1 1 8 13 8 12 162
1 2 0 0 0 0 24
1 2 9 11 9 10 24
0 0 0 0 0 0 24
0 0 7 10 7 11 24
1 1 0 0 0 0 154
1 1 8 12 8 13 154
1 5 0 0 0 0 118
1 5 11 10 11 11 118
1 3 0 0 0 0 118
1 3 10 10 10 11 118
1 0 0 0 0 0 26
1 0 12 10 12 11 26
1 2 0 0 0 0 18
1 2 9 10 9 11 18
0 0 0 0 0 0 16
0 0 7 11 7 10 16
1 0 0 0 0 0 14
1 0 12 11 12 10 14
1 2 0 0 0 0 12
1 2 9 11 9 10 12
1 1 0 0 0 0 146
1 1 8 13 8 12 146
1 5 0 0 0 0 112
1 5 11 11 11 10 112
1 3 0 0 0 0 112
1 3 10 11 10 10 112
0 0 0 0 0 0 8
0 0 7 10 7 11 8
1 3 0 0 0 0 106
1 3 10 10 10 11 106
1 2 0 0 0 0 6
1 2 9 10 9 11 6
1 0 0 0 0 0 2
1 0 12 10 12 11 2
1 1 0 0 0 0 138
1 1 8 12 8 13 138
1 5 0 0 0 0 106
1 5 11 10 11 11 106
0 0 99 99 99 99 0
1 2 99 99 99 99 0
1 5 0 0 0 0 100
1 0 99 99 99 99 -10
1 1 0 0 0 0 130
1 3 0 0 0 0 100
